45
0 1 1
0 41 1
0 6 1
0 5 1
0 36 1
0 34 1
0 20 1
0 24 1
0 19 1
0 11 1
1 30 1
1 38 1
1 17 1
1 21 1
1 41 1
1 16 1
1 8 1
1 39 1
1 29 1
1 33 1
1 6 1
1 10 1
1 43 1
1 34 1
1 12 1
1 5 1
1 25 1
1 9 1
1 31 1
1 13 1
2 29 1
2 5 1
2 33 1
2 26 1
2 12 1
2 9 1
2 25 1
2 20 1
2 6 1
2 3 1
2 44 1
3 43 1
3 16 1
3 35 1
3 15 1
3 22 1
3 39 1
3 44 1
3 20 1
3 8 1
3 38 1
3 34 1
3 27 1
3 40 1
3 9 1
3 11 1
4 17 1
4 42 1
4 34 1
4 19 1
4 14 1
4 35 1
4 12 1
4 32 1
4 28 1
4 6 1
4 38 1
4 23 1
4 9 1
4 5 1
4 37 1
4 11 1
4 10 1
5 8 1
5 15 1
5 6 1
5 24 1
5 35 1
5 39 1
5 25 1
5 19 1
5 28 1
5 27 1
6 37 1
6 29 1
6 26 1
6 33 1
6 27 1
6 36 1
6 20 1
6 44 1
6 8 1
6 42 1
6 23 1
6 7 1
6 17 1
7 16 1
7 25 1
7 22 1
7 19 1
7 15 1
7 13 1
7 32 1
7 39 1
7 10 1
7 23 1
7 29 1
7 38 1
7 42 1
8 36 1
8 18 1
8 44 1
8 37 1
8 13 1
8 25 1
8 41 1
8 24 1
8 34 1
8 27 1
8 22 1
8 39 1
8 10 1
8 26 1
8 42 1
8 28 1
9 33 1
9 24 1
9 31 1
9 41 1
9 38 1
9 17 1
9 30 1
9 43 1
9 36 1
9 37 1
9 27 1
10 13 1
10 40 1
10 30 1
10 34 1
10 29 1
10 44 1
10 19 1
10 20 1
10 31 1
10 24 1
10 16 1
10 28 1
10 33 1
10 41 1
11 32 1
11 23 1
11 18 1
11 19 1
11 37 1
11 17 1
11 42 1
11 14 1
11 30 1
11 38 1
11 20 1
12 35 1
12 17 1
12 21 1
12 40 1
12 42 1
12 31 1
12 25 1
12 33 1
12 36 1
12 27 1
12 18 1
12 39 1
12 23 1
12 38 1
12 24 1
13 25 1
13 29 1
13 14 1
13 15 1
13 19 1
13 38 1
13 43 1
13 21 1
13 17 1
13 42 1
13 23 1
14 44 1
14 32 1
14 35 1
14 24 1
14 22 1
14 28 1
14 30 1
14 43 1
14 25 1
14 17 1
14 26 1
14 41 1
14 34 1
14 42 1
14 18 1
15 31 1
15 21 1
15 44 1
15 32 1
15 41 1
15 24 1
15 16 1
15 20 1
15 36 1
15 27 1
15 37 1
15 33 1
16 25 1
16 35 1
16 42 1
16 29 1
16 27 1
16 38 1
16 23 1
16 36 1
16 30 1
16 44 1
16 19 1
17 33 1
17 42 1
17 22 1
17 43 1
17 30 1
17 18 1
17 39 1
18 40 1
18 32 1
18 36 1
18 28 1
18 20 1
18 21 1
18 19 1
18 37 1
18 41 1
19 43 1
19 22 1
19 26 1
19 27 1
19 25 1
19 24 1
19 42 1
19 28 1
19 35 1
19 38 1
19 44 1
20 31 1
20 35 1
20 40 1
20 36 1
20 23 1
20 22 1
20 38 1
20 24 1
20 26 1
21 39 1
21 41 1
21 34 1
21 38 1
22 36 1
22 34 1
22 41 1
22 38 1
22 44 1
22 37 1
23 35 1
23 40 1
23 30 1
23 38 1
23 32 1
23 28 1
23 27 1
23 42 1
23 31 1
24 28 1
24 44 1
24 39 1
24 38 1
24 40 1
24 34 1
24 41 1
25 35 1
25 42 1
25 33 1
26 39 1
26 35 1
26 30 1
26 36 1
26 40 1
26 32 1
26 42 1
27 40 1
27 34 1
27 37 1
27 30 1
27 42 1
27 29 1
27 39 1
27 33 1
28 44 1
28 43 1
28 32 1
29 30 1
29 36 1
29 35 1
30 34 1
30 36 1
30 41 1
31 35 1
31 37 1
31 44 1
31 34 1
31 41 1
31 40 1
32 44 1
32 34 1
32 41 1
33 34 1
33 36 1
33 39 1
34 35 1
34 38 1
34 41 1
34 37 1
34 43 1
35 39 1
35 38 1
36 42 1
36 44 1
36 38 1
36 43 1
37 44 1
38 44 1
38 39 1
39 42 1
39 41 1
39 43 1
41 44 1
41 42 1
42 43 1
