45
0 20 1
0 15 1
0 13 1
0 17 1
0 14 1
0 6 1
0 8 1
0 32 1
0 18 1
0 28 1
0 27 1
0 9 1
0 10 1
0 40 1
0 21 1
0 4 1
0 2 1
1 35 1
1 20 1
1 12 1
1 31 1
1 8 1
1 32 1
1 14 1
1 13 1
1 21 1
1 44 1
1 22 1
1 37 1
2 44 1
2 36 1
2 14 1
2 40 1
2 11 1
2 28 1
2 12 1
2 41 1
2 3 1
2 27 1
2 5 1
2 8 1
2 25 1
3 22 1
3 38 1
3 43 1
3 13 1
3 27 1
3 21 1
3 42 1
3 7 1
3 14 1
3 17 1
3 29 1
3 4 1
3 5 1
3 39 1
3 36 1
4 16 1
4 26 1
4 13 1
4 42 1
4 21 1
4 7 1
4 34 1
4 44 1
4 37 1
4 39 1
4 43 1
4 19 1
4 6 1
5 25 1
5 28 1
5 30 1
5 14 1
5 29 1
5 41 1
5 16 1
5 34 1
6 15 1
6 17 1
6 24 1
6 23 1
6 20 1
6 39 1
6 31 1
6 9 1
6 43 1
6 21 1
6 19 1
6 14 1
6 16 1
6 37 1
6 27 1
6 36 1
6 29 1
6 13 1
7 42 1
7 20 1
7 10 1
7 30 1
7 36 1
7 15 1
7 24 1
7 18 1
7 38 1
7 8 1
7 35 1
7 33 1
7 28 1
7 29 1
8 27 1
8 34 1
8 31 1
8 22 1
8 40 1
8 44 1
8 28 1
8 9 1
8 42 1
8 35 1
8 12 1
8 41 1
8 29 1
8 25 1
8 21 1
8 37 1
8 17 1
8 24 1
9 23 1
9 44 1
9 36 1
9 38 1
9 10 1
9 31 1
9 20 1
9 12 1
9 40 1
9 16 1
9 32 1
10 12 1
10 24 1
10 36 1
10 17 1
10 16 1
10 23 1
10 40 1
10 38 1
10 19 1
10 18 1
10 20 1
11 26 1
11 32 1
11 38 1
11 30 1
11 42 1
11 39 1
11 29 1
11 13 1
11 22 1
11 24 1
11 14 1
11 18 1
11 20 1
11 25 1
12 23 1
12 35 1
12 30 1
12 40 1
12 43 1
12 26 1
12 41 1
12 18 1
12 34 1
12 36 1
12 20 1
13 28 1
13 36 1
13 24 1
13 30 1
13 26 1
13 17 1
13 15 1
13 18 1
13 23 1
13 25 1
14 17 1
14 18 1
14 27 1
14 21 1
14 28 1
14 16 1
15 18 1
15 40 1
15 16 1
15 39 1
15 32 1
15 24 1
15 19 1
15 17 1
15 35 1
15 27 1
16 27 1
16 44 1
16 38 1
16 20 1
16 24 1
16 28 1
16 40 1
16 31 1
16 18 1
16 34 1
16 21 1
17 35 1
17 29 1
17 34 1
17 43 1
17 44 1
17 36 1
18 41 1
18 33 1
18 19 1
18 22 1
18 25 1
18 28 1
18 36 1
18 29 1
18 44 1
18 37 1
18 27 1
19 27 1
19 28 1
19 23 1
19 29 1
19 41 1
19 43 1
19 22 1
20 21 1
20 27 1
20 22 1
21 34 1
21 33 1
21 36 1
21 31 1
21 27 1
21 24 1
22 33 1
22 23 1
22 42 1
22 29 1
22 30 1
22 40 1
23 38 1
23 36 1
23 32 1
23 40 1
23 43 1
23 31 1
23 28 1
23 26 1
24 26 1
24 27 1
24 28 1
24 43 1
25 32 1
25 37 1
25 36 1
25 30 1
25 39 1
25 29 1
25 42 1
25 33 1
25 31 1
25 41 1
25 35 1
25 34 1
26 43 1
26 44 1
26 41 1
26 33 1
26 28 1
26 34 1
26 31 1
26 29 1
27 41 1
27 44 1
27 43 1
27 34 1
28 38 1
28 36 1
28 33 1
28 41 1
28 31 1
28 30 1
28 44 1
28 37 1
29 37 1
29 30 1
29 32 1
29 33 1
29 43 1
29 38 1
29 31 1
29 41 1
30 33 1
30 32 1
30 39 1
30 34 1
30 36 1
30 43 1
30 41 1
31 43 1
31 40 1
31 42 1
32 36 1
32 44 1
32 43 1
32 42 1
32 33 1
32 40 1
33 39 1
33 41 1
33 42 1
33 35 1
33 34 1
34 35 1
34 40 1
34 42 1
35 43 1
35 37 1
35 40 1
35 36 1
35 44 1
36 44 1
36 40 1
37 38 1
37 43 1
37 39 1
37 40 1
38 41 1
39 42 1
39 44 1
39 43 1
40 42 1
40 41 1
41 44 1
43 44 1
