45
0 27 1
0 9 1
0 43 1
0 25 1
0 16 1
0 44 1
0 32 1
0 3 1
0 28 1
0 42 1
0 24 1
0 36 1
0 41 1
0 12 1
0 15 1
0 37 1
0 13 1
0 30 1
0 33 1
0 20 1
1 5 1
1 12 1
1 22 1
1 18 1
1 4 1
1 6 1
1 25 1
1 21 1
1 40 1
1 10 1
1 17 1
1 39 1
1 33 1
1 15 1
1 43 1
2 14 1
2 38 1
2 6 1
2 20 1
2 35 1
2 8 1
2 4 1
2 34 1
2 26 1
2 12 1
2 33 1
2 17 1
2 36 1
2 3 1
2 18 1
2 25 1
2 39 1
2 32 1
2 10 1
3 39 1
3 6 1
3 4 1
3 33 1
3 13 1
3 35 1
3 15 1
3 34 1
3 26 1
3 43 1
3 28 1
3 42 1
3 25 1
4 12 1
4 37 1
4 22 1
4 14 1
4 42 1
4 10 1
4 25 1
4 44 1
4 40 1
4 9 1
4 34 1
4 26 1
4 38 1
4 31 1
4 43 1
4 21 1
4 18 1
5 17 1
5 23 1
5 33 1
5 29 1
5 9 1
5 43 1
5 41 1
5 16 1
5 19 1
5 6 1
5 8 1
5 18 1
5 10 1
5 27 1
5 12 1
5 20 1
5 11 1
5 13 1
6 17 1
6 22 1
6 28 1
6 44 1
6 32 1
6 43 1
6 29 1
6 8 1
6 24 1
6 27 1
6 21 1
6 19 1
6 7 1
6 25 1
6 33 1
7 10 1
7 33 1
7 32 1
7 36 1
7 26 1
7 27 1
7 18 1
7 44 1
7 42 1
7 37 1
7 19 1
7 25 1
7 40 1
7 34 1
7 17 1
7 14 1
8 41 1
8 27 1
8 24 1
8 16 1
8 22 1
8 43 1
8 32 1
8 31 1
8 15 1
8 34 1
8 42 1
8 39 1
8 28 1
8 30 1
8 21 1
8 36 1
9 37 1
9 41 1
9 34 1
9 36 1
9 40 1
9 15 1
9 32 1
9 19 1
9 28 1
9 43 1
9 29 1
9 38 1
9 11 1
10 44 1
10 42 1
10 41 1
10 39 1
10 18 1
10 19 1
10 26 1
10 13 1
10 37 1
10 17 1
10 20 1
10 22 1
10 12 1
10 11 1
11 43 1
11 21 1
11 19 1
11 41 1
11 37 1
11 22 1
11 42 1
11 31 1
12 29 1
12 20 1
12 31 1
12 23 1
13 37 1
13 33 1
13 28 1
13 42 1
13 25 1
13 27 1
14 44 1
14 42 1
14 23 1
14 15 1
14 39 1
14 38 1
14 25 1
14 16 1
14 22 1
14 28 1
14 29 1
14 37 1
15 34 1
15 19 1
15 20 1
15 16 1
15 17 1
15 38 1
15 26 1
15 44 1
16 25 1
16 40 1
16 18 1
16 26 1
16 30 1
16 21 1
16 33 1
16 38 1
16 41 1
16 32 1
16 34 1
16 36 1
17 38 1
17 19 1
17 41 1
17 30 1
17 35 1
17 24 1
17 33 1
17 36 1
18 30 1
18 23 1
18 36 1
18 38 1
18 21 1
18 26 1
18 41 1
18 27 1
18 19 1
18 32 1
18 28 1
18 39 1
19 36 1
19 39 1
19 42 1
19 38 1
19 34 1
19 22 1
19 28 1
19 41 1
20 35 1
20 25 1
20 36 1
20 30 1
20 38 1
20 40 1
20 28 1
20 44 1
21 28 1
21 41 1
21 40 1
21 44 1
21 38 1
21 30 1
21 27 1
21 22 1
21 31 1
21 43 1
22 38 1
22 31 1
22 32 1
22 44 1
22 42 1
22 25 1
22 27 1
22 40 1
22 26 1
23 35 1
23 41 1
23 36 1
23 39 1
23 34 1
24 34 1
24 30 1
24 43 1
24 29 1
24 28 1
25 42 1
25 35 1
25 37 1
25 38 1
25 32 1
25 33 1
26 28 1
26 27 1
26 35 1
26 43 1
26 31 1
27 44 1
27 42 1
27 36 1
27 38 1
27 28 1
28 40 1
28 38 1
29 44 1
29 32 1
29 38 1
29 31 1
29 33 1
29 42 1
30 44 1
31 41 1
31 43 1
31 38 1
31 40 1
31 44 1
32 43 1
32 41 1
33 40 1
33 37 1
33 44 1
33 42 1
33 36 1
34 42 1
34 41 1
34 38 1
35 39 1
35 41 1
35 43 1
35 36 1
35 40 1
37 38 1
37 42 1
38 40 1
39 40 1
39 44 1
40 42 1
40 43 1
41 42 1
41 43 1
42 44 1
