45
0 26 1
0 16 1
0 27 1
0 20 1
0 33 1
0 23 1
0 4 1
0 22 1
0 17 1
0 25 1
0 31 1
0 40 1
0 1 1
0 2 1
0 39 1
0 9 1
0 36 1
0 19 1
1 17 1
1 19 1
1 14 1
1 38 1
1 13 1
1 22 1
1 4 1
1 26 1
1 9 1
1 11 1
1 16 1
1 35 1
1 24 1
1 15 1
2 35 1
2 42 1
2 39 1
2 23 1
2 6 1
2 26 1
2 11 1
2 13 1
2 43 1
2 12 1
2 19 1
2 27 1
2 20 1
2 22 1
2 34 1
3 35 1
3 14 1
3 30 1
3 23 1
3 43 1
3 6 1
3 36 1
3 11 1
3 10 1
3 16 1
3 25 1
3 18 1
3 13 1
3 32 1
3 33 1
3 4 1
3 12 1
4 37 1
4 42 1
4 40 1
4 31 1
4 12 1
4 32 1
4 39 1
4 28 1
4 7 1
4 24 1
4 34 1
4 5 1
4 13 1
4 36 1
4 8 1
4 44 1
4 18 1
4 9 1
5 42 1
5 29 1
5 38 1
5 13 1
5 22 1
5 41 1
5 28 1
5 15 1
5 17 1
5 12 1
6 29 1
6 22 1
6 8 1
6 20 1
6 21 1
6 23 1
6 15 1
6 42 1
6 30 1
6 34 1
7 40 1
7 14 1
7 30 1
7 23 1
7 15 1
7 42 1
7 44 1
7 35 1
7 25 1
7 9 1
7 8 1
7 12 1
7 26 1
7 18 1
8 22 1
8 40 1
8 11 1
8 12 1
8 15 1
8 36 1
8 29 1
8 23 1
8 17 1
8 25 1
8 18 1
8 26 1
8 43 1
8 10 1
8 39 1
9 44 1
9 40 1
9 36 1
9 11 1
9 33 1
9 16 1
9 21 1
9 23 1
9 22 1
9 37 1
9 19 1
9 12 1
9 13 1
9 42 1
9 38 1
9 26 1
9 20 1
9 39 1
9 28 1
10 26 1
10 27 1
10 39 1
10 16 1
10 30 1
10 38 1
10 44 1
10 14 1
10 18 1
10 37 1
11 15 1
11 35 1
11 41 1
11 16 1
11 38 1
11 25 1
11 29 1
11 34 1
11 42 1
12 34 1
12 39 1
12 18 1
12 30 1
12 19 1
12 28 1
12 42 1
12 22 1
12 14 1
13 39 1
13 30 1
13 23 1
13 33 1
13 38 1
13 44 1
13 43 1
13 27 1
13 34 1
13 25 1
14 26 1
14 36 1
14 28 1
14 40 1
14 29 1
14 31 1
14 37 1
14 21 1
14 17 1
14 44 1
14 15 1
14 18 1
14 30 1
14 33 1
15 31 1
15 19 1
15 41 1
15 20 1
15 29 1
16 22 1
16 39 1
16 19 1
16 30 1
16 42 1
16 23 1
17 33 1
17 18 1
17 24 1
17 27 1
17 41 1
17 30 1
17 25 1
17 36 1
17 34 1
17 22 1
18 32 1
18 28 1
18 22 1
18 27 1
18 33 1
18 38 1
18 44 1
18 42 1
18 41 1
18 26 1
18 25 1
19 29 1
19 36 1
19 38 1
19 37 1
19 26 1
19 35 1
19 33 1
20 25 1
20 40 1
20 29 1
20 36 1
20 35 1
20 27 1
20 38 1
20 44 1
21 30 1
21 40 1
21 35 1
21 23 1
21 36 1
21 28 1
21 29 1
21 41 1
21 38 1
21 32 1
21 22 1
22 36 1
22 35 1
22 44 1
22 29 1
22 28 1
22 25 1
22 40 1
22 37 1
23 42 1
23 34 1
23 40 1
23 33 1
23 27 1
23 43 1
23 35 1
24 44 1
24 31 1
24 38 1
24 41 1
24 36 1
24 32 1
24 25 1
25 44 1
25 37 1
25 34 1
25 42 1
25 35 1
25 26 1
25 36 1
25 39 1
26 36 1
26 41 1
26 33 1
26 44 1
26 40 1
26 32 1
27 30 1
27 34 1
27 36 1
27 40 1
27 42 1
28 39 1
28 41 1
28 40 1
28 36 1
28 37 1
29 40 1
29 37 1
29 36 1
29 32 1
30 32 1
30 39 1
30 35 1
30 42 1
31 36 1
31 34 1
31 41 1
32 34 1
32 38 1
32 37 1
32 41 1
32 39 1
33 40 1
33 42 1
33 37 1
33 39 1
34 38 1
34 44 1
35 36 1
35 42 1
36 39 1
36 42 1
36 44 1
36 41 1
37 44 1
37 41 1
37 40 1
38 43 1
38 42 1
38 40 1
39 43 1
39 40 1
40 43 1
40 41 1
42 44 1
43 44 1
