45
0 6 1
0 31 1
0 13 1
0 11 1
0 24 1
0 25 1
0 9 1
0 29 1
0 30 1
0 39 1
0 28 1
0 23 1
1 27 1
1 20 1
1 30 1
1 10 1
1 37 1
1 23 1
1 8 1
1 35 1
1 18 1
1 42 1
1 5 1
1 4 1
2 14 1
2 7 1
2 30 1
2 22 1
2 34 1
2 5 1
2 10 1
2 18 1
2 6 1
2 28 1
2 44 1
2 20 1
2 33 1
2 3 1
3 31 1
3 34 1
3 5 1
3 27 1
3 11 1
3 24 1
3 36 1
3 8 1
3 23 1
3 29 1
3 15 1
3 4 1
3 10 1
3 28 1
3 44 1
3 35 1
3 12 1
3 18 1
3 43 1
3 22 1
4 34 1
4 29 1
4 11 1
4 40 1
4 23 1
4 36 1
4 12 1
4 30 1
4 21 1
4 33 1
4 24 1
4 5 1
4 25 1
4 7 1
4 31 1
4 35 1
5 10 1
5 14 1
5 44 1
5 41 1
5 20 1
5 25 1
5 36 1
5 23 1
5 31 1
5 6 1
5 19 1
5 18 1
5 33 1
5 35 1
5 13 1
6 36 1
6 30 1
6 7 1
6 15 1
6 11 1
6 24 1
6 23 1
6 8 1
6 33 1
6 22 1
6 40 1
6 25 1
6 28 1
6 29 1
6 41 1
6 34 1
7 33 1
7 40 1
7 10 1
7 44 1
7 9 1
7 17 1
7 27 1
7 19 1
7 13 1
7 35 1
7 22 1
7 11 1
7 29 1
7 31 1
8 28 1
8 29 1
8 31 1
8 25 1
8 20 1
8 15 1
8 14 1
8 9 1
8 16 1
8 41 1
8 37 1
8 43 1
8 18 1
8 32 1
9 26 1
9 13 1
9 27 1
9 11 1
9 10 1
9 42 1
9 38 1
9 15 1
9 19 1
9 25 1
9 12 1
10 39 1
10 20 1
10 44 1
10 26 1
10 32 1
10 34 1
10 28 1
10 38 1
10 11 1
10 21 1
10 37 1
10 17 1
10 41 1
10 42 1
11 35 1
11 40 1
11 23 1
11 43 1
11 15 1
11 24 1
11 22 1
11 33 1
11 28 1
12 27 1
12 39 1
12 25 1
12 28 1
12 41 1
12 32 1
12 31 1
12 20 1
12 23 1
12 30 1
12 18 1
12 22 1
13 17 1
13 29 1
13 31 1
13 35 1
13 21 1
13 23 1
13 26 1
13 34 1
13 37 1
13 36 1
14 42 1
14 30 1
14 36 1
14 40 1
14 31 1
14 16 1
14 17 1
15 30 1
15 33 1
15 24 1
15 18 1
15 39 1
15 16 1
15 23 1
15 41 1
15 32 1
15 40 1
15 31 1
15 27 1
15 28 1
15 17 1
15 38 1
15 26 1
16 42 1
16 44 1
16 40 1
16 25 1
16 37 1
16 21 1
16 22 1
16 41 1
16 19 1
16 33 1
17 42 1
17 20 1
17 36 1
17 32 1
17 37 1
17 38 1
17 23 1
17 18 1
17 30 1
17 21 1
17 43 1
17 35 1
17 25 1
18 27 1
18 34 1
18 22 1
18 40 1
18 20 1
18 37 1
18 21 1
18 33 1
19 24 1
19 21 1
19 27 1
19 22 1
19 41 1
19 37 1
19 28 1
19 29 1
20 43 1
20 39 1
20 26 1
20 37 1
20 40 1
20 27 1
20 24 1
21 40 1
21 41 1
21 39 1
21 30 1
21 22 1
21 34 1
21 35 1
21 24 1
22 40 1
22 30 1
22 27 1
22 23 1
22 42 1
22 39 1
22 26 1
22 32 1
22 29 1
23 25 1
23 26 1
23 29 1
23 40 1
23 41 1
23 27 1
24 27 1
24 41 1
24 31 1
24 39 1
24 29 1
24 30 1
24 34 1
25 39 1
25 34 1
25 40 1
25 29 1
25 28 1
26 44 1
26 32 1
26 28 1
26 31 1
26 27 1
26 41 1
26 36 1
27 39 1
27 28 1
27 41 1
27 37 1
27 31 1
27 42 1
28 35 1
28 38 1
28 42 1
28 34 1
28 43 1
29 39 1
30 41 1
30 40 1
30 34 1
30 36 1
30 44 1
31 36 1
31 37 1
31 40 1
31 35 1
31 32 1
31 42 1
31 33 1
32 38 1
32 43 1
32 33 1
32 42 1
32 44 1
32 34 1
32 35 1
33 34 1
33 44 1
33 35 1
34 36 1
35 36 1
35 41 1
35 40 1
36 38 1
36 43 1
38 43 1
39 40 1
39 42 1
39 41 1
40 43 1
41 43 1
