45
0 14 1
0 4 1
0 1 1
0 9 1
0 32 1
0 15 1
0 25 1
0 42 1
0 43 1
0 21 1
0 22 1
0 8 1
0 26 1
0 44 1
0 27 1
0 19 1
1 38 1
1 5 1
1 27 1
1 9 1
1 24 1
1 28 1
1 20 1
1 40 1
1 34 1
1 42 1
1 12 1
1 44 1
1 22 1
1 7 1
1 10 1
1 35 1
1 39 1
1 6 1
1 3 1
1 15 1
1 26 1
1 16 1
1 31 1
2 32 1
2 14 1
2 5 1
2 21 1
2 43 1
2 40 1
2 15 1
2 34 1
2 27 1
2 41 1
2 13 1
2 42 1
2 35 1
2 30 1
2 9 1
2 38 1
3 8 1
3 7 1
3 24 1
3 12 1
3 5 1
3 19 1
3 23 1
3 39 1
3 17 1
3 13 1
3 41 1
4 26 1
4 38 1
4 17 1
4 41 1
4 6 1
4 24 1
4 25 1
4 16 1
4 11 1
4 43 1
4 34 1
4 19 1
4 40 1
4 20 1
4 14 1
5 11 1
5 40 1
5 15 1
5 39 1
5 25 1
5 35 1
5 14 1
5 28 1
5 17 1
5 23 1
5 43 1
5 27 1
5 8 1
5 22 1
5 6 1
5 18 1
5 42 1
6 7 1
6 35 1
6 39 1
6 33 1
6 16 1
6 15 1
6 42 1
6 27 1
6 36 1
6 11 1
7 23 1
7 13 1
7 33 1
7 14 1
7 16 1
7 28 1
7 20 1
7 29 1
7 27 1
7 25 1
7 42 1
7 26 1
7 17 1
8 27 1
8 34 1
8 9 1
8 30 1
8 32 1
8 18 1
8 11 1
8 15 1
8 17 1
8 35 1
8 41 1
8 36 1
8 13 1
9 28 1
9 23 1
9 44 1
9 11 1
9 13 1
9 12 1
9 39 1
9 27 1
9 43 1
9 22 1
9 20 1
9 41 1
9 38 1
10 41 1
10 29 1
10 16 1
10 11 1
10 15 1
10 39 1
10 21 1
10 31 1
10 40 1
10 14 1
10 18 1
10 37 1
10 19 1
10 42 1
10 24 1
10 12 1
10 38 1
10 36 1
11 35 1
11 23 1
11 40 1
11 18 1
11 29 1
11 43 1
11 41 1
11 20 1
11 36 1
11 34 1
11 33 1
11 28 1
11 12 1
11 14 1
11 21 1
11 42 1
11 24 1
11 16 1
12 18 1
12 41 1
12 27 1
12 25 1
12 38 1
12 26 1
12 44 1
13 23 1
13 15 1
13 34 1
13 26 1
13 20 1
13 14 1
13 22 1
13 35 1
13 17 1
13 21 1
13 42 1
13 27 1
13 28 1
13 30 1
13 38 1
14 34 1
14 28 1
14 16 1
14 39 1
14 22 1
14 33 1
14 37 1
14 23 1
15 35 1
15 38 1
15 33 1
15 29 1
15 30 1
15 24 1
15 34 1
15 22 1
15 26 1
16 37 1
16 35 1
16 40 1
16 39 1
16 38 1
16 21 1
16 17 1
16 36 1
16 43 1
17 44 1
17 24 1
17 28 1
17 21 1
17 36 1
18 21 1
18 40 1
18 42 1
18 28 1
18 44 1
18 25 1
18 36 1
18 35 1
18 20 1
18 31 1
19 20 1
19 41 1
19 40 1
19 35 1
19 33 1
19 36 1
19 42 1
19 34 1
19 26 1
20 26 1
20 27 1
20 40 1
20 36 1
20 35 1
20 33 1
20 39 1
20 37 1
21 39 1
21 31 1
21 38 1
21 42 1
21 43 1
21 30 1
21 28 1
21 25 1
21 29 1
22 43 1
22 38 1
22 35 1
22 29 1
22 27 1
22 44 1
22 28 1
22 37 1
22 42 1
23 29 1
23 28 1
23 34 1
23 33 1
23 42 1
23 27 1
23 26 1
24 39 1
24 36 1
24 40 1
24 31 1
24 38 1
25 28 1
25 31 1
25 34 1
25 29 1
25 40 1
25 32 1
25 38 1
25 27 1
25 41 1
25 30 1
26 36 1
26 37 1
26 40 1
27 34 1
27 43 1
27 39 1
27 40 1
27 38 1
27 33 1
27 42 1
27 41 1
28 31 1
28 32 1
28 29 1
29 34 1
29 42 1
30 40 1
30 32 1
30 31 1
30 35 1
30 39 1
31 34 1
31 35 1
31 42 1
31 38 1
32 38 1
32 42 1
32 44 1
33 34 1
33 36 1
33 43 1
34 43 1
34 37 1
35 43 1
35 37 1
35 39 1
36 37 1
37 42 1
38 43 1
39 41 1
39 43 1
42 43 1
42 44 1
