45
0 8 1
0 6 1
0 23 1
0 32 1
0 13 1
0 1 1
0 31 1
0 25 1
0 30 1
0 42 1
0 39 1
0 33 1
0 24 1
0 20 1
0 19 1
0 21 1
0 28 1
0 34 1
0 18 1
0 35 1
0 10 1
0 36 1
0 9 1
0 5 1
0 22 1
0 37 1
0 3 1
0 38 1
0 17 1
0 27 1
0 26 1
0 43 1
0 7 1
1 29 1
1 33 1
1 15 1
1 44 1
1 8 1
1 19 1
1 11 1
1 24 1
1 16 1
1 34 1
1 35 1
1 14 1
1 41 1
1 38 1
1 43 1
1 18 1
1 21 1
1 13 1
1 22 1
1 39 1
1 6 1
1 25 1
1 28 1
1 3 1
1 37 1
1 30 1
1 2 1
1 7 1
1 40 1
1 12 1
1 42 1
1 23 1
1 10 1
1 36 1
1 5 1
1 26 1
1 32 1
1 17 1
2 36 1
2 31 1
2 35 1
2 44 1
2 17 1
2 7 1
2 10 1
2 34 1
2 5 1
2 25 1
2 43 1
2 18 1
2 38 1
2 21 1
2 33 1
2 12 1
2 41 1
2 28 1
2 42 1
2 14 1
2 19 1
2 9 1
2 30 1
2 32 1
2 3 1
2 16 1
2 29 1
2 26 1
2 37 1
2 27 1
2 40 1
2 39 1
2 6 1
3 32 1
3 44 1
3 27 1
3 5 1
3 39 1
3 4 1
3 42 1
3 22 1
3 20 1
3 13 1
3 34 1
3 10 1
3 8 1
3 26 1
3 36 1
3 24 1
3 6 1
3 29 1
3 12 1
3 25 1
3 37 1
3 41 1
3 21 1
3 33 1
3 9 1
3 23 1
3 30 1
3 35 1
3 18 1
3 19 1
4 21 1
4 31 1
4 35 1
4 19 1
4 27 1
4 29 1
4 17 1
4 15 1
4 39 1
4 20 1
4 6 1
4 36 1
4 26 1
4 5 1
4 38 1
4 8 1
4 16 1
4 41 1
4 18 1
4 40 1
4 33 1
4 11 1
4 30 1
4 23 1
4 43 1
4 22 1
5 43 1
5 13 1
5 29 1
5 16 1
5 27 1
5 33 1
5 23 1
5 19 1
5 28 1
5 12 1
5 44 1
5 31 1
5 21 1
5 25 1
5 39 1
5 7 1
5 35 1
5 17 1
5 20 1
5 22 1
5 37 1
5 8 1
5 36 1
5 24 1
5 14 1
5 34 1
5 40 1
5 30 1
5 18 1
5 9 1
6 15 1
6 23 1
6 17 1
6 44 1
6 28 1
6 32 1
6 10 1
6 21 1
6 33 1
6 34 1
6 41 1
6 38 1
6 13 1
6 37 1
6 22 1
6 30 1
6 39 1
6 43 1
6 20 1
6 36 1
6 42 1
6 24 1
6 9 1
6 29 1
6 19 1
6 16 1
6 31 1
6 27 1
6 12 1
6 40 1
7 12 1
7 9 1
7 10 1
7 27 1
7 16 1
7 36 1
7 43 1
7 32 1
7 20 1
7 26 1
7 39 1
7 30 1
7 33 1
7 22 1
7 25 1
7 29 1
7 35 1
7 40 1
7 15 1
7 42 1
7 44 1
7 13 1
7 28 1
7 37 1
7 34 1
7 41 1
7 31 1
8 32 1
8 11 1
8 21 1
8 25 1
8 23 1
8 15 1
8 44 1
8 27 1
8 42 1
8 28 1
8 41 1
8 38 1
8 43 1
8 36 1
8 20 1
8 33 1
8 13 1
8 22 1
8 35 1
8 39 1
8 40 1
8 26 1
8 9 1
8 30 1
8 14 1
8 24 1
8 19 1
9 20 1
9 12 1
9 18 1
9 19 1
9 24 1
9 43 1
9 41 1
9 28 1
9 39 1
9 23 1
9 42 1
9 38 1
9 25 1
9 36 1
9 33 1
9 13 1
9 15 1
9 17 1
9 44 1
9 29 1
9 35 1
9 30 1
9 16 1
9 34 1
9 21 1
9 32 1
9 22 1
9 11 1
9 40 1
9 10 1
9 26 1
10 25 1
10 15 1
10 39 1
10 32 1
10 26 1
10 11 1
10 14 1
10 13 1
10 35 1
10 30 1
10 44 1
10 23 1
10 40 1
10 36 1
10 38 1
10 28 1
10 24 1
10 18 1
10 22 1
10 19 1
10 37 1
10 42 1
10 33 1
10 27 1
10 21 1
10 29 1
11 30 1
11 33 1
11 37 1
11 31 1
11 42 1
11 39 1
11 34 1
11 44 1
11 16 1
11 28 1
11 22 1
11 29 1
11 26 1
11 14 1
11 18 1
11 24 1
11 17 1
11 35 1
11 25 1
11 36 1
11 15 1
11 38 1
12 32 1
12 19 1
12 39 1
12 28 1
12 25 1
12 38 1
12 24 1
12 41 1
12 36 1
12 23 1
12 20 1
12 40 1
12 18 1
12 31 1
12 33 1
12 14 1
12 44 1
12 13 1
12 30 1
12 29 1
12 34 1
12 17 1
12 35 1
12 21 1
13 15 1
13 14 1
13 36 1
13 17 1
13 18 1
13 30 1
13 31 1
13 44 1
13 22 1
13 40 1
13 25 1
13 35 1
13 41 1
13 28 1
13 20 1
13 37 1
13 21 1
13 43 1
13 39 1
13 34 1
13 26 1
13 19 1
13 29 1
14 25 1
14 24 1
14 38 1
14 32 1
14 29 1
14 36 1
14 30 1
14 22 1
14 27 1
14 17 1
14 34 1
14 26 1
14 19 1
14 42 1
14 16 1
14 23 1
14 33 1
14 43 1
14 35 1
14 28 1
14 31 1
14 40 1
15 30 1
15 37 1
15 17 1
15 27 1
15 34 1
15 35 1
15 29 1
15 25 1
15 22 1
15 28 1
15 36 1
15 41 1
15 43 1
15 31 1
15 32 1
15 21 1
15 42 1
15 38 1
15 39 1
16 40 1
16 27 1
16 26 1
16 30 1
16 39 1
16 22 1
16 35 1
16 32 1
16 23 1
16 37 1
16 44 1
16 21 1
16 34 1
16 29 1
16 36 1
16 19 1
16 43 1
16 38 1
16 20 1
16 18 1
16 28 1
17 29 1
17 23 1
17 42 1
17 32 1
17 26 1
17 44 1
17 38 1
17 20 1
17 31 1
17 36 1
17 39 1
17 41 1
17 37 1
17 40 1
17 27 1
17 43 1
17 35 1
17 18 1
17 34 1
17 30 1
17 21 1
18 41 1
18 40 1
18 42 1
18 25 1
18 28 1
18 34 1
18 30 1
18 26 1
18 24 1
18 33 1
18 39 1
19 26 1
19 33 1
19 22 1
19 30 1
19 20 1
19 42 1
19 28 1
19 40 1
19 27 1
19 24 1
19 32 1
19 35 1
19 37 1
19 29 1
19 41 1
19 39 1
20 44 1
20 32 1
20 41 1
20 43 1
20 26 1
20 30 1
20 39 1
20 21 1
20 27 1
20 36 1
20 24 1
20 25 1
20 33 1
20 31 1
20 37 1
20 35 1
20 29 1
20 34 1
21 33 1
21 31 1
21 26 1
21 29 1
21 35 1
21 22 1
21 38 1
21 41 1
21 43 1
21 39 1
21 42 1
21 24 1
21 37 1
21 36 1
21 25 1
21 34 1
21 40 1
22 32 1
22 38 1
22 31 1
22 42 1
22 41 1
22 29 1
22 27 1
22 24 1
22 25 1
22 34 1
22 26 1
22 35 1
22 23 1
22 36 1
22 43 1
22 37 1
23 42 1
23 41 1
23 37 1
23 32 1
23 34 1
23 38 1
23 43 1
23 33 1
23 25 1
23 27 1
23 26 1
23 44 1
23 39 1
23 31 1
23 29 1
23 36 1
24 41 1
24 36 1
24 32 1
24 39 1
24 42 1
24 29 1
24 25 1
24 34 1
24 38 1
24 28 1
24 44 1
24 43 1
24 26 1
24 35 1
24 37 1
24 27 1
24 31 1
25 36 1
25 35 1
25 29 1
25 37 1
25 43 1
25 28 1
25 39 1
25 27 1
25 38 1
25 42 1
25 44 1
25 26 1
25 34 1
25 41 1
25 33 1
26 27 1
26 28 1
26 39 1
26 29 1
26 44 1
26 42 1
26 30 1
26 31 1
26 43 1
26 40 1
26 41 1
26 34 1
27 41 1
27 28 1
27 40 1
27 31 1
27 34 1
27 42 1
27 30 1
27 44 1
27 38 1
27 32 1
27 33 1
27 35 1
27 39 1
28 40 1
28 32 1
28 41 1
28 44 1
28 43 1
28 36 1
28 37 1
28 39 1
28 34 1
28 42 1
28 30 1
28 35 1
29 40 1
29 35 1
29 32 1
29 33 1
29 41 1
29 43 1
29 39 1
29 44 1
29 42 1
29 37 1
29 36 1
29 38 1
30 37 1
30 44 1
30 34 1
30 33 1
30 35 1
30 31 1
30 39 1
30 41 1
30 43 1
30 42 1
30 40 1
31 36 1
31 42 1
31 35 1
31 33 1
31 40 1
31 34 1
31 39 1
31 38 1
31 43 1
32 35 1
32 39 1
32 34 1
32 36 1
32 37 1
32 38 1
32 43 1
32 42 1
32 33 1
33 36 1
33 41 1
33 38 1
33 44 1
33 42 1
33 43 1
33 40 1
33 35 1
33 37 1
34 35 1
34 38 1
34 36 1
34 43 1
34 37 1
34 39 1
34 41 1
34 40 1
35 36 1
35 40 1
35 37 1
35 42 1
35 38 1
35 44 1
35 41 1
35 39 1
36 37 1
36 43 1
36 44 1
36 39 1
36 41 1
36 42 1
37 38 1
37 39 1
37 40 1
37 43 1
37 41 1
37 44 1
37 42 1
38 44 1
38 39 1
38 40 1
38 43 1
39 44 1
39 42 1
39 40 1
39 41 1
40 44 1
40 41 1
40 43 1
41 44 1
41 42 1
41 43 1
42 43 1
42 44 1
43 44 1
