45
0 11 1
0 30 1
0 7 1
0 34 1
0 37 1
0 20 1
0 44 1
0 24 1
0 39 1
0 5 1
0 26 1
0 43 1
0 23 1
0 17 1
0 16 1
0 15 1
0 8 1
0 21 1
0 28 1
0 32 1
0 10 1
0 40 1
0 35 1
0 14 1
0 42 1
0 38 1
0 19 1
0 6 1
0 25 1
0 33 1
0 12 1
0 41 1
0 13 1
0 31 1
0 36 1
1 9 1
1 10 1
1 17 1
1 36 1
1 26 1
1 38 1
1 25 1
1 32 1
1 19 1
1 14 1
1 18 1
1 44 1
1 21 1
1 30 1
1 42 1
1 41 1
1 33 1
1 43 1
1 16 1
1 31 1
1 23 1
1 34 1
1 7 1
1 28 1
1 27 1
1 37 1
1 12 1
1 6 1
1 3 1
1 5 1
1 15 1
1 35 1
1 8 1
2 38 1
2 21 1
2 16 1
2 4 1
2 19 1
2 9 1
2 24 1
2 32 1
2 15 1
2 8 1
2 12 1
2 35 1
2 13 1
2 7 1
2 10 1
2 14 1
2 39 1
2 25 1
2 23 1
2 26 1
2 34 1
2 33 1
2 42 1
2 11 1
2 6 1
2 41 1
2 36 1
2 18 1
2 43 1
2 40 1
2 3 1
2 31 1
2 22 1
3 17 1
3 7 1
3 19 1
3 26 1
3 28 1
3 33 1
3 37 1
3 11 1
3 21 1
3 40 1
3 31 1
3 27 1
3 36 1
3 13 1
3 32 1
3 23 1
3 10 1
3 41 1
3 44 1
3 15 1
3 38 1
3 30 1
3 34 1
3 4 1
3 6 1
3 12 1
3 9 1
3 18 1
3 20 1
3 29 1
3 39 1
3 35 1
4 15 1
4 26 1
4 19 1
4 24 1
4 33 1
4 29 1
4 13 1
4 17 1
4 25 1
4 39 1
4 31 1
4 6 1
4 43 1
4 5 1
4 23 1
4 16 1
4 18 1
4 44 1
4 20 1
4 36 1
4 22 1
4 32 1
4 30 1
4 27 1
4 38 1
4 10 1
4 41 1
4 12 1
4 14 1
4 42 1
4 35 1
4 8 1
4 9 1
4 34 1
5 40 1
5 31 1
5 26 1
5 37 1
5 9 1
5 18 1
5 43 1
5 8 1
5 42 1
5 20 1
5 38 1
5 19 1
5 12 1
5 22 1
5 39 1
5 35 1
5 33 1
5 25 1
5 44 1
5 24 1
5 36 1
5 15 1
5 32 1
5 13 1
5 14 1
5 21 1
5 17 1
5 11 1
5 41 1
5 10 1
6 44 1
6 31 1
6 23 1
6 43 1
6 14 1
6 24 1
6 29 1
6 40 1
6 27 1
6 28 1
6 22 1
6 41 1
6 35 1
6 30 1
6 7 1
6 36 1
6 20 1
6 25 1
6 8 1
6 33 1
6 19 1
6 26 1
6 34 1
6 15 1
6 10 1
6 17 1
6 32 1
6 16 1
7 31 1
7 15 1
7 29 1
7 33 1
7 35 1
7 25 1
7 42 1
7 27 1
7 13 1
7 10 1
7 19 1
7 40 1
7 32 1
7 39 1
7 34 1
7 22 1
7 43 1
7 14 1
7 12 1
7 8 1
7 28 1
7 21 1
7 9 1
8 34 1
8 15 1
8 25 1
8 27 1
8 11 1
8 20 1
8 30 1
8 29 1
8 37 1
8 19 1
8 10 1
8 41 1
8 26 1
8 38 1
8 18 1
8 31 1
8 21 1
8 24 1
8 14 1
8 36 1
8 12 1
8 13 1
8 43 1
8 17 1
8 40 1
8 22 1
8 33 1
9 13 1
9 36 1
9 24 1
9 34 1
9 19 1
9 14 1
9 32 1
9 30 1
9 28 1
9 11 1
9 39 1
9 42 1
9 31 1
9 41 1
9 43 1
9 29 1
9 10 1
9 12 1
9 21 1
9 26 1
9 18 1
9 35 1
9 20 1
9 37 1
9 17 1
10 36 1
10 32 1
10 44 1
10 16 1
10 43 1
10 14 1
10 40 1
10 27 1
10 33 1
10 11 1
10 39 1
10 23 1
10 26 1
10 42 1
10 19 1
10 41 1
10 34 1
10 18 1
10 15 1
10 37 1
10 13 1
10 22 1
10 35 1
10 24 1
11 35 1
11 30 1
11 39 1
11 33 1
11 18 1
11 36 1
11 24 1
11 16 1
11 43 1
11 15 1
11 13 1
11 41 1
11 40 1
11 14 1
11 44 1
11 12 1
11 42 1
11 29 1
11 31 1
11 37 1
11 19 1
11 34 1
11 27 1
12 36 1
12 39 1
12 40 1
12 44 1
12 23 1
12 38 1
12 17 1
12 13 1
12 41 1
12 42 1
12 21 1
12 28 1
12 31 1
12 22 1
12 25 1
12 34 1
12 19 1
12 29 1
12 15 1
12 20 1
12 14 1
12 24 1
13 42 1
13 22 1
13 20 1
13 38 1
13 19 1
13 18 1
13 29 1
13 36 1
13 28 1
13 14 1
13 43 1
13 34 1
13 17 1
13 23 1
13 15 1
13 21 1
13 41 1
13 25 1
13 16 1
13 26 1
13 35 1
13 33 1
13 44 1
13 37 1
13 39 1
14 25 1
14 18 1
14 36 1
14 43 1
14 30 1
14 42 1
14 22 1
14 27 1
14 15 1
14 40 1
14 16 1
14 34 1
14 28 1
14 21 1
14 23 1
14 17 1
14 41 1
14 38 1
14 20 1
14 37 1
14 24 1
14 31 1
15 18 1
15 21 1
15 44 1
15 17 1
15 37 1
15 19 1
15 22 1
15 35 1
15 40 1
15 31 1
15 32 1
15 29 1
15 38 1
15 33 1
15 30 1
15 41 1
15 27 1
15 20 1
15 42 1
15 28 1
15 26 1
15 16 1
15 43 1
16 44 1
16 17 1
16 30 1
16 38 1
16 39 1
16 35 1
16 25 1
16 37 1
16 28 1
16 21 1
16 29 1
16 23 1
16 26 1
16 20 1
16 22 1
16 34 1
16 24 1
17 21 1
17 38 1
17 40 1
17 30 1
17 22 1
17 27 1
17 37 1
17 25 1
17 34 1
17 35 1
17 41 1
17 31 1
17 39 1
17 42 1
17 29 1
17 24 1
17 36 1
17 33 1
17 32 1
17 19 1
18 31 1
18 35 1
18 41 1
18 19 1
18 21 1
18 34 1
18 32 1
18 40 1
18 25 1
18 27 1
18 37 1
18 44 1
18 29 1
18 33 1
18 28 1
18 36 1
18 26 1
18 22 1
18 23 1
19 22 1
19 35 1
19 31 1
19 27 1
19 37 1
19 44 1
19 33 1
19 38 1
19 41 1
19 28 1
19 34 1
19 20 1
19 21 1
19 36 1
19 39 1
19 29 1
19 23 1
19 24 1
19 30 1
19 42 1
19 40 1
20 33 1
20 35 1
20 42 1
20 24 1
20 32 1
20 43 1
20 27 1
20 31 1
20 34 1
20 25 1
20 28 1
20 23 1
20 44 1
20 26 1
20 22 1
20 41 1
20 37 1
20 30 1
20 29 1
21 41 1
21 32 1
21 43 1
21 34 1
21 31 1
21 26 1
21 37 1
21 25 1
21 40 1
21 38 1
21 44 1
21 39 1
21 35 1
21 28 1
21 30 1
21 24 1
22 26 1
22 36 1
22 35 1
22 41 1
22 44 1
22 30 1
22 43 1
22 40 1
22 42 1
22 28 1
22 29 1
22 27 1
22 31 1
22 38 1
22 33 1
22 23 1
22 39 1
22 24 1
23 33 1
23 27 1
23 31 1
23 26 1
23 36 1
23 40 1
23 42 1
23 25 1
23 29 1
23 35 1
23 24 1
23 34 1
23 28 1
23 41 1
23 30 1
24 37 1
24 28 1
24 40 1
24 32 1
24 36 1
24 38 1
24 27 1
24 31 1
24 41 1
24 42 1
24 39 1
24 26 1
24 34 1
24 30 1
24 29 1
25 30 1
25 33 1
25 39 1
25 31 1
25 32 1
25 37 1
25 29 1
25 38 1
25 36 1
25 40 1
25 41 1
25 34 1
25 42 1
25 35 1
26 39 1
26 35 1
26 32 1
26 28 1
26 31 1
26 30 1
26 40 1
26 29 1
26 42 1
26 33 1
27 29 1
27 28 1
27 37 1
27 36 1
27 42 1
27 44 1
27 38 1
27 31 1
27 30 1
27 33 1
27 41 1
27 32 1
27 40 1
28 29 1
28 33 1
28 40 1
28 42 1
28 39 1
28 44 1
28 38 1
28 35 1
28 36 1
28 32 1
28 43 1
28 30 1
28 31 1
28 34 1
29 30 1
29 41 1
29 33 1
29 40 1
29 39 1
29 37 1
29 36 1
29 44 1
29 43 1
29 34 1
29 42 1
29 38 1
29 35 1
30 43 1
30 33 1
30 44 1
30 36 1
30 37 1
30 38 1
30 41 1
30 35 1
30 40 1
30 42 1
30 32 1
31 38 1
31 37 1
31 36 1
31 32 1
31 43 1
31 40 1
31 44 1
31 34 1
31 35 1
32 40 1
32 41 1
32 39 1
32 44 1
32 37 1
32 42 1
32 35 1
32 43 1
33 43 1
33 35 1
33 41 1
33 40 1
33 34 1
33 38 1
33 39 1
33 44 1
33 36 1
34 37 1
34 44 1
34 43 1
34 36 1
34 38 1
34 35 1
34 42 1
35 40 1
35 36 1
35 39 1
35 42 1
35 43 1
35 41 1
35 44 1
36 42 1
36 39 1
36 40 1
36 43 1
36 44 1
36 37 1
37 44 1
37 41 1
37 43 1
37 39 1
37 42 1
38 41 1
38 39 1
38 44 1
38 43 1
38 42 1
39 41 1
39 42 1
39 44 1
39 40 1
39 43 1
40 41 1
40 43 1
41 42 1
41 44 1
41 43 1
42 43 1
43 44 1
