45
0 18 1
0 4 1
0 10 1
0 42 1
0 41 1
0 7 1
0 39 1
0 31 1
0 43 1
0 26 1
0 9 1
0 28 1
0 2 1
0 40 1
1 13 1
1 40 1
1 41 1
1 7 1
1 12 1
1 4 1
1 5 1
1 18 1
1 42 1
1 31 1
1 30 1
1 15 1
1 9 1
1 39 1
2 32 1
2 38 1
2 34 1
2 27 1
2 6 1
2 29 1
2 19 1
2 12 1
2 4 1
2 9 1
2 7 1
2 3 1
2 5 1
2 44 1
2 42 1
3 17 1
3 34 1
3 26 1
3 41 1
3 40 1
3 39 1
3 43 1
3 42 1
3 24 1
3 33 1
3 38 1
3 16 1
3 37 1
3 23 1
3 21 1
3 5 1
3 44 1
3 32 1
4 7 1
4 23 1
4 40 1
4 28 1
4 34 1
4 19 1
4 24 1
4 13 1
4 36 1
4 17 1
4 20 1
4 9 1
4 14 1
4 15 1
5 30 1
5 13 1
5 32 1
5 20 1
5 40 1
5 38 1
5 8 1
5 9 1
5 24 1
5 35 1
5 15 1
5 10 1
5 19 1
6 12 1
6 25 1
6 39 1
6 13 1
6 37 1
6 42 1
6 44 1
6 27 1
6 11 1
6 19 1
6 43 1
6 26 1
6 31 1
7 21 1
7 42 1
7 37 1
7 19 1
7 28 1
7 24 1
7 26 1
7 20 1
7 15 1
7 40 1
7 8 1
7 13 1
7 30 1
7 29 1
7 17 1
7 12 1
8 35 1
8 31 1
8 39 1
8 12 1
8 33 1
8 30 1
9 29 1
9 24 1
9 37 1
9 27 1
9 33 1
9 12 1
9 15 1
9 26 1
9 21 1
9 40 1
10 21 1
10 42 1
10 30 1
10 22 1
10 15 1
10 34 1
10 25 1
10 19 1
10 13 1
10 39 1
10 38 1
11 39 1
11 23 1
11 37 1
11 20 1
11 22 1
11 40 1
11 42 1
11 12 1
12 20 1
12 26 1
12 16 1
12 31 1
12 38 1
12 23 1
12 35 1
12 28 1
12 19 1
12 14 1
12 18 1
12 15 1
12 29 1
12 41 1
12 37 1
13 44 1
13 27 1
13 17 1
13 21 1
13 24 1
13 16 1
13 28 1
13 43 1
13 33 1
13 25 1
13 41 1
13 32 1
14 44 1
14 41 1
14 40 1
14 24 1
14 42 1
14 17 1
14 18 1
14 34 1
14 20 1
14 19 1
15 16 1
15 43 1
15 42 1
15 37 1
15 17 1
15 22 1
15 19 1
15 18 1
15 35 1
15 33 1
16 18 1
16 35 1
16 17 1
16 22 1
16 31 1
16 40 1
16 44 1
16 19 1
16 27 1
17 19 1
17 25 1
17 39 1
17 38 1
17 37 1
17 40 1
17 31 1
17 41 1
17 29 1
17 36 1
18 44 1
18 31 1
18 27 1
18 30 1
18 40 1
18 21 1
18 32 1
18 43 1
19 37 1
19 39 1
19 43 1
19 24 1
19 35 1
19 40 1
19 21 1
19 38 1
19 42 1
19 28 1
20 44 1
20 35 1
20 30 1
20 31 1
20 42 1
20 21 1
20 23 1
20 32 1
20 25 1
21 42 1
21 27 1
21 41 1
21 23 1
21 31 1
21 28 1
21 33 1
21 25 1
21 22 1
22 44 1
22 40 1
22 29 1
22 33 1
22 43 1
22 28 1
22 32 1
22 35 1
22 39 1
22 23 1
23 25 1
23 40 1
23 31 1
23 42 1
23 32 1
24 43 1
24 32 1
24 30 1
24 33 1
24 36 1
24 39 1
24 41 1
24 27 1
24 29 1
25 26 1
25 34 1
25 31 1
26 43 1
26 29 1
26 39 1
26 37 1
26 41 1
27 32 1
27 35 1
27 44 1
27 34 1
27 29 1
27 39 1
27 37 1
28 37 1
28 40 1
28 44 1
29 42 1
29 39 1
29 43 1
29 35 1
29 41 1
30 34 1
30 32 1
30 31 1
30 42 1
31 44 1
31 33 1
31 32 1
31 36 1
31 41 1
31 34 1
31 39 1
31 42 1
32 34 1
32 40 1
32 43 1
32 35 1
33 41 1
33 38 1
33 43 1
33 42 1
33 34 1
33 40 1
33 44 1
34 37 1
34 39 1
34 41 1
34 44 1
35 44 1
35 36 1
35 41 1
35 39 1
35 40 1
36 40 1
36 42 1
36 39 1
37 40 1
37 44 1
37 38 1
38 40 1
38 42 1
38 44 1
38 41 1
38 39 1
39 43 1
41 44 1
