45
0 40 1
0 3 1
0 34 1
0 20 1
0 15 1
0 13 1
0 16 1
0 11 1
0 33 1
0 5 1
0 26 1
1 16 1
1 30 1
1 29 1
1 4 1
1 17 1
1 2 1
1 21 1
1 5 1
1 6 1
1 13 1
1 18 1
1 22 1
1 11 1
1 41 1
2 24 1
2 38 1
2 6 1
2 14 1
2 29 1
2 27 1
2 10 1
2 35 1
2 37 1
2 21 1
2 7 1
2 16 1
2 33 1
2 25 1
2 18 1
3 31 1
3 9 1
3 8 1
3 23 1
3 7 1
3 38 1
3 33 1
3 29 1
3 24 1
3 12 1
3 6 1
3 30 1
3 43 1
3 22 1
3 34 1
3 10 1
3 44 1
3 35 1
3 13 1
3 15 1
4 12 1
4 21 1
4 22 1
4 35 1
4 23 1
4 10 1
4 14 1
4 36 1
4 16 1
4 34 1
4 27 1
4 32 1
4 19 1
5 36 1
5 22 1
5 24 1
5 28 1
5 33 1
5 17 1
5 20 1
5 12 1
5 42 1
5 25 1
5 10 1
5 32 1
5 15 1
5 38 1
5 7 1
6 39 1
6 27 1
6 20 1
6 7 1
6 9 1
6 36 1
6 13 1
6 43 1
6 21 1
6 23 1
6 18 1
6 40 1
7 27 1
7 16 1
7 8 1
7 13 1
7 9 1
7 25 1
7 24 1
7 28 1
7 41 1
7 37 1
7 32 1
7 20 1
7 39 1
8 22 1
8 14 1
8 11 1
8 23 1
8 37 1
8 10 1
8 19 1
8 20 1
8 44 1
8 12 1
8 32 1
8 35 1
8 39 1
9 44 1
9 13 1
9 18 1
9 25 1
9 35 1
9 33 1
9 29 1
9 16 1
9 30 1
9 31 1
9 39 1
9 11 1
10 30 1
10 13 1
10 38 1
10 19 1
10 15 1
10 17 1
10 29 1
10 25 1
10 41 1
10 43 1
10 14 1
10 27 1
10 35 1
10 31 1
11 15 1
11 26 1
11 30 1
11 18 1
11 44 1
11 38 1
11 21 1
11 23 1
11 29 1
11 35 1
11 37 1
12 14 1
12 37 1
12 26 1
12 42 1
12 36 1
12 28 1
12 17 1
12 20 1
12 33 1
13 44 1
13 32 1
13 16 1
13 25 1
13 43 1
13 41 1
13 23 1
13 17 1
13 33 1
13 21 1
13 24 1
13 28 1
13 20 1
13 37 1
14 23 1
14 35 1
14 42 1
14 29 1
14 32 1
14 40 1
15 20 1
15 44 1
15 32 1
15 34 1
15 19 1
15 23 1
15 41 1
15 43 1
15 42 1
15 18 1
15 40 1
16 33 1
16 38 1
16 32 1
16 39 1
16 42 1
16 35 1
16 37 1
16 30 1
16 22 1
16 24 1
16 17 1
16 43 1
16 27 1
16 20 1
17 39 1
17 31 1
17 28 1
17 25 1
17 23 1
17 41 1
18 28 1
18 25 1
18 27 1
18 21 1
18 44 1
18 32 1
18 23 1
18 36 1
19 28 1
19 30 1
19 27 1
19 34 1
19 40 1
19 39 1
19 24 1
19 38 1
20 36 1
20 39 1
20 34 1
20 44 1
20 23 1
20 26 1
20 21 1
20 35 1
21 25 1
21 37 1
21 42 1
21 39 1
21 24 1
21 41 1
21 36 1
21 30 1
21 31 1
22 23 1
22 36 1
22 32 1
22 33 1
22 30 1
22 25 1
22 44 1
22 26 1
22 42 1
23 44 1
23 28 1
23 25 1
23 29 1
23 37 1
23 41 1
23 33 1
23 30 1
23 24 1
23 35 1
23 40 1
23 34 1
23 38 1
24 31 1
24 25 1
24 29 1
24 43 1
24 40 1
25 26 1
25 41 1
25 32 1
25 36 1
25 40 1
25 39 1
25 33 1
26 33 1
26 34 1
26 27 1
27 33 1
27 40 1
27 37 1
27 39 1
27 34 1
27 36 1
27 29 1
27 28 1
28 35 1
28 44 1
28 29 1
28 39 1
28 32 1
29 40 1
29 41 1
30 34 1
30 33 1
30 40 1
30 44 1
30 36 1
30 32 1
30 41 1
31 32 1
31 40 1
31 35 1
31 41 1
32 41 1
32 43 1
32 33 1
32 40 1
33 43 1
33 38 1
33 41 1
34 39 1
34 35 1
34 43 1
34 40 1
35 38 1
35 41 1
36 44 1
36 41 1
36 39 1
37 44 1
37 39 1
38 39 1
38 43 1
39 41 1
39 44 1
40 43 1
40 44 1
40 41 1
42 43 1
42 44 1
