45
0 9 1
0 16 1
0 11 1
0 5 1
0 22 1
0 15 1
0 12 1
0 27 1
0 43 1
0 1 1
0 21 1
0 37 1
1 12 1
1 38 1
1 21 1
1 36 1
1 8 1
1 10 1
1 27 1
1 19 1
1 9 1
2 6 1
2 4 1
2 31 1
2 32 1
2 13 1
2 14 1
2 40 1
2 3 1
2 20 1
2 24 1
2 38 1
2 12 1
2 16 1
2 35 1
2 36 1
2 28 1
3 39 1
3 33 1
3 36 1
3 23 1
3 21 1
3 22 1
3 5 1
3 25 1
3 35 1
3 10 1
3 19 1
3 44 1
3 4 1
3 18 1
3 13 1
3 31 1
4 19 1
4 29 1
4 10 1
4 32 1
4 41 1
4 8 1
4 43 1
4 35 1
4 14 1
4 30 1
4 31 1
4 34 1
4 28 1
5 29 1
5 32 1
5 42 1
5 6 1
5 40 1
5 41 1
5 38 1
5 22 1
5 14 1
5 9 1
5 33 1
5 10 1
5 18 1
6 7 1
6 13 1
6 20 1
6 41 1
6 10 1
6 27 1
6 35 1
6 22 1
6 43 1
6 34 1
6 26 1
6 25 1
6 44 1
6 19 1
7 33 1
7 34 1
7 41 1
7 12 1
7 17 1
7 21 1
7 16 1
7 43 1
7 18 1
7 11 1
7 31 1
7 8 1
7 25 1
7 42 1
8 41 1
8 30 1
8 44 1
8 11 1
8 16 1
8 23 1
8 24 1
8 18 1
8 17 1
8 29 1
8 25 1
8 39 1
8 12 1
8 43 1
8 35 1
8 15 1
8 32 1
9 14 1
9 12 1
9 26 1
9 43 1
9 44 1
9 41 1
9 28 1
9 42 1
9 33 1
9 20 1
9 34 1
9 38 1
9 10 1
9 13 1
9 24 1
10 13 1
10 34 1
10 19 1
10 12 1
10 15 1
10 26 1
10 33 1
10 43 1
10 44 1
10 22 1
11 44 1
11 38 1
11 23 1
11 40 1
11 17 1
11 16 1
11 31 1
11 41 1
12 37 1
12 39 1
12 43 1
12 19 1
12 30 1
12 38 1
12 28 1
12 21 1
13 31 1
13 14 1
13 26 1
13 16 1
13 27 1
13 21 1
13 43 1
13 17 1
13 28 1
13 19 1
14 42 1
14 28 1
14 26 1
14 27 1
14 18 1
14 44 1
14 21 1
14 29 1
14 19 1
14 35 1
14 32 1
14 41 1
14 43 1
15 42 1
15 36 1
15 44 1
15 23 1
15 41 1
15 38 1
15 30 1
15 39 1
15 17 1
16 43 1
16 29 1
16 24 1
16 35 1
16 39 1
16 33 1
16 26 1
16 25 1
16 20 1
16 37 1
16 41 1
16 27 1
17 19 1
17 24 1
17 18 1
17 33 1
17 20 1
17 37 1
17 21 1
17 26 1
18 21 1
18 25 1
18 26 1
18 44 1
18 22 1
18 23 1
18 39 1
18 42 1
18 36 1
18 24 1
18 30 1
18 34 1
18 35 1
19 27 1
19 41 1
19 33 1
19 30 1
19 20 1
19 37 1
19 21 1
19 32 1
19 24 1
19 38 1
19 39 1
19 23 1
20 37 1
20 28 1
20 31 1
20 23 1
20 40 1
20 35 1
21 38 1
21 35 1
21 32 1
21 30 1
21 25 1
21 37 1
21 43 1
21 42 1
21 41 1
21 40 1
21 36 1
21 22 1
22 32 1
22 43 1
22 29 1
22 35 1
22 28 1
22 25 1
22 42 1
22 40 1
23 32 1
23 30 1
23 27 1
23 37 1
23 44 1
23 35 1
23 41 1
23 25 1
24 34 1
24 31 1
24 29 1
24 42 1
24 32 1
25 30 1
25 27 1
25 40 1
25 44 1
25 39 1
25 26 1
25 28 1
26 36 1
26 43 1
26 34 1
26 30 1
26 32 1
26 39 1
27 41 1
27 30 1
27 38 1
27 37 1
27 35 1
27 40 1
27 33 1
27 44 1
28 38 1
28 44 1
28 39 1
28 29 1
28 34 1
28 31 1
28 32 1
28 36 1
29 37 1
29 39 1
29 41 1
29 43 1
29 33 1
29 44 1
30 32 1
30 43 1
31 41 1
31 39 1
31 34 1
32 40 1
32 33 1
32 37 1
33 36 1
33 34 1
33 39 1
33 35 1
33 38 1
34 38 1
34 36 1
35 43 1
35 36 1
35 42 1
35 37 1
35 44 1
37 38 1
37 41 1
37 44 1
38 43 1
38 40 1
38 41 1
39 41 1
39 42 1
40 42 1
41 43 1
