45
0 11 1
0 19 1
0 21 1
0 5 1
0 23 1
0 32 1
0 12 1
0 9 1
0 16 1
0 13 1
0 15 1
0 10 1
1 25 1
1 9 1
1 30 1
1 44 1
1 31 1
1 38 1
1 8 1
1 40 1
1 37 1
1 6 1
1 35 1
1 19 1
1 28 1
1 3 1
1 39 1
1 20 1
1 18 1
1 36 1
1 17 1
2 42 1
2 17 1
2 21 1
2 38 1
2 33 1
2 3 1
2 41 1
2 15 1
2 8 1
2 40 1
2 9 1
2 20 1
2 5 1
2 11 1
2 16 1
2 12 1
2 7 1
2 29 1
2 27 1
3 20 1
3 12 1
3 35 1
3 24 1
3 38 1
3 13 1
3 6 1
3 31 1
3 22 1
3 8 1
3 5 1
3 9 1
3 17 1
3 34 1
3 39 1
3 21 1
3 19 1
4 23 1
4 38 1
4 28 1
4 36 1
4 43 1
4 25 1
4 13 1
4 8 1
4 26 1
4 15 1
4 20 1
4 17 1
5 25 1
5 42 1
5 10 1
5 30 1
5 40 1
5 28 1
5 39 1
5 36 1
5 34 1
5 33 1
5 27 1
5 31 1
5 24 1
5 29 1
5 35 1
6 41 1
6 42 1
6 12 1
6 32 1
6 30 1
6 13 1
6 24 1
6 9 1
6 25 1
6 11 1
6 17 1
6 37 1
6 15 1
6 31 1
6 33 1
7 43 1
7 17 1
7 32 1
7 15 1
7 12 1
7 37 1
7 20 1
7 24 1
8 24 1
8 30 1
8 14 1
8 18 1
8 28 1
8 16 1
8 33 1
8 26 1
8 9 1
9 36 1
9 26 1
9 13 1
9 43 1
9 22 1
9 35 1
9 16 1
9 17 1
9 14 1
9 25 1
9 24 1
9 18 1
9 28 1
9 37 1
10 21 1
10 32 1
10 17 1
10 16 1
10 29 1
11 29 1
11 39 1
11 36 1
11 40 1
11 33 1
11 17 1
11 15 1
11 22 1
11 30 1
11 41 1
11 18 1
11 12 1
11 26 1
12 17 1
12 20 1
12 33 1
12 35 1
12 24 1
12 23 1
12 26 1
13 27 1
13 35 1
13 17 1
13 38 1
13 32 1
13 25 1
13 31 1
13 16 1
13 33 1
13 41 1
14 44 1
14 23 1
14 41 1
14 18 1
14 34 1
14 38 1
14 19 1
14 37 1
15 17 1
15 41 1
15 28 1
15 23 1
15 21 1
15 38 1
15 39 1
15 37 1
15 31 1
15 22 1
15 30 1
15 33 1
15 18 1
15 16 1
15 29 1
15 20 1
15 36 1
16 39 1
16 22 1
16 42 1
16 25 1
16 19 1
16 33 1
16 32 1
16 41 1
17 38 1
17 27 1
17 39 1
17 34 1
17 23 1
17 36 1
17 29 1
17 18 1
17 22 1
18 27 1
18 38 1
18 44 1
18 20 1
18 23 1
18 19 1
18 32 1
18 26 1
18 33 1
18 40 1
18 35 1
18 21 1
18 37 1
19 34 1
19 21 1
19 20 1
19 35 1
19 42 1
19 26 1
19 40 1
19 37 1
19 27 1
19 32 1
19 28 1
19 30 1
19 39 1
19 29 1
19 31 1
20 23 1
20 43 1
20 38 1
20 25 1
20 34 1
20 39 1
20 33 1
20 27 1
21 28 1
21 35 1
21 25 1
21 23 1
21 36 1
22 39 1
22 28 1
22 27 1
22 40 1
22 34 1
22 31 1
22 32 1
23 33 1
23 42 1
23 29 1
23 26 1
23 41 1
23 25 1
23 36 1
23 43 1
23 34 1
23 28 1
24 36 1
24 33 1
24 27 1
24 31 1
24 30 1
24 38 1
24 26 1
24 34 1
25 37 1
25 27 1
25 36 1
25 39 1
26 34 1
26 27 1
26 29 1
26 30 1
26 31 1
26 37 1
26 28 1
27 44 1
27 30 1
27 34 1
27 33 1
27 36 1
27 40 1
28 41 1
28 36 1
28 39 1
28 44 1
28 31 1
29 31 1
29 37 1
29 39 1
29 44 1
29 43 1
29 36 1
30 36 1
30 41 1
30 37 1
31 44 1
31 37 1
31 39 1
31 41 1
31 33 1
31 38 1
31 34 1
32 44 1
32 42 1
32 34 1
32 38 1
32 39 1
32 33 1
33 36 1
33 44 1
33 40 1
33 37 1
33 34 1
33 39 1
34 39 1
34 44 1
35 42 1
37 40 1
37 44 1
38 42 1
38 40 1
38 39 1
38 44 1
39 40 1
40 42 1
40 43 1
41 42 1
