45
0 41 1
0 31 1
0 35 1
0 16 1
0 8 1
0 43 1
0 6 1
0 14 1
0 24 1
0 34 1
0 36 1
0 28 1
0 12 1
0 23 1
1 5 1
1 12 1
1 39 1
1 4 1
1 18 1
1 10 1
1 27 1
1 25 1
1 24 1
1 7 1
1 17 1
1 3 1
1 22 1
1 6 1
2 15 1
2 26 1
2 27 1
2 41 1
2 12 1
2 20 1
2 40 1
2 5 1
2 6 1
2 3 1
2 28 1
2 7 1
3 28 1
3 22 1
3 10 1
3 26 1
3 12 1
3 27 1
3 4 1
3 40 1
3 43 1
3 20 1
3 42 1
3 36 1
3 14 1
3 44 1
4 5 1
4 25 1
4 39 1
4 7 1
4 15 1
4 11 1
4 17 1
4 33 1
4 26 1
4 18 1
4 27 1
4 38 1
4 37 1
4 16 1
5 29 1
5 25 1
5 7 1
5 34 1
5 8 1
5 26 1
5 22 1
5 32 1
5 30 1
5 24 1
5 20 1
5 38 1
5 19 1
5 44 1
5 9 1
6 18 1
6 8 1
6 37 1
6 35 1
6 38 1
6 21 1
6 32 1
6 39 1
6 9 1
6 7 1
6 33 1
6 15 1
6 16 1
6 44 1
7 42 1
7 15 1
7 31 1
7 10 1
7 26 1
7 22 1
7 21 1
7 32 1
7 17 1
7 20 1
7 8 1
7 36 1
7 18 1
8 36 1
8 38 1
8 15 1
8 10 1
8 32 1
8 30 1
8 27 1
8 19 1
8 21 1
8 16 1
9 15 1
9 40 1
9 41 1
9 39 1
9 29 1
9 11 1
9 12 1
9 26 1
9 16 1
9 35 1
9 18 1
9 23 1
9 20 1
10 19 1
10 39 1
10 27 1
10 17 1
10 12 1
10 44 1
10 32 1
10 43 1
10 34 1
10 38 1
10 13 1
10 11 1
10 26 1
10 22 1
10 15 1
11 31 1
11 29 1
11 35 1
11 42 1
11 39 1
11 27 1
11 33 1
11 18 1
11 36 1
11 23 1
11 41 1
11 26 1
12 25 1
12 30 1
12 18 1
12 19 1
12 23 1
12 36 1
12 21 1
13 33 1
13 24 1
13 17 1
13 39 1
13 16 1
13 19 1
13 18 1
13 14 1
13 29 1
13 35 1
14 25 1
14 26 1
14 44 1
14 41 1
14 20 1
14 38 1
14 43 1
14 31 1
14 30 1
14 28 1
14 36 1
14 15 1
14 19 1
15 27 1
15 43 1
15 29 1
15 35 1
15 19 1
15 17 1
15 24 1
15 41 1
16 20 1
16 35 1
16 39 1
16 33 1
16 31 1
16 44 1
17 37 1
17 35 1
17 29 1
17 24 1
17 27 1
17 44 1
17 26 1
17 28 1
18 21 1
18 25 1
18 39 1
18 22 1
18 36 1
18 44 1
18 43 1
18 29 1
18 41 1
18 31 1
19 41 1
19 27 1
19 37 1
19 29 1
19 21 1
19 31 1
19 36 1
19 26 1
19 28 1
19 24 1
19 30 1
19 42 1
19 33 1
20 21 1
20 35 1
20 43 1
20 33 1
20 28 1
20 25 1
20 37 1
20 44 1
20 29 1
21 25 1
21 39 1
21 44 1
21 42 1
21 34 1
21 32 1
21 23 1
21 26 1
21 27 1
21 28 1
21 30 1
22 41 1
22 33 1
22 35 1
22 24 1
22 25 1
22 36 1
22 29 1
22 42 1
22 23 1
23 39 1
23 42 1
23 24 1
23 41 1
23 43 1
23 36 1
23 32 1
23 30 1
24 27 1
24 44 1
24 32 1
24 40 1
24 43 1
24 39 1
24 42 1
24 28 1
24 31 1
24 37 1
24 38 1
25 36 1
25 31 1
25 34 1
25 28 1
25 29 1
26 41 1
26 43 1
26 39 1
26 34 1
27 36 1
27 33 1
27 43 1
27 32 1
27 42 1
27 29 1
27 39 1
27 41 1
27 30 1
27 34 1
28 31 1
28 34 1
28 38 1
28 39 1
28 37 1
28 40 1
29 34 1
29 30 1
29 38 1
29 36 1
29 35 1
29 41 1
29 32 1
30 36 1
30 41 1
31 32 1
31 36 1
31 42 1
32 34 1
32 36 1
32 44 1
32 35 1
32 43 1
33 34 1
33 35 1
33 38 1
33 42 1
33 36 1
34 43 1
34 38 1
35 42 1
36 40 1
36 39 1
36 43 1
37 39 1
37 40 1
38 42 1
38 43 1
39 42 1
39 43 1
40 41 1
41 44 1
41 42 1
41 43 1
