45
0 11 1
0 10 1
0 26 1
0 7 1
0 24 1
0 1 1
0 14 1
0 28 1
0 37 1
0 15 1
0 20 1
0 2 1
0 41 1
0 38 1
1 5 1
1 12 1
1 23 1
1 18 1
1 36 1
1 33 1
1 7 1
1 31 1
1 24 1
1 6 1
1 38 1
1 28 1
1 27 1
1 16 1
1 26 1
1 32 1
1 35 1
2 21 1
2 18 1
2 8 1
2 36 1
2 19 1
2 28 1
2 15 1
2 27 1
2 38 1
2 9 1
2 42 1
2 10 1
2 33 1
3 16 1
3 24 1
3 4 1
3 29 1
3 22 1
3 13 1
3 12 1
3 20 1
3 43 1
3 6 1
4 42 1
4 5 1
4 29 1
4 24 1
4 35 1
4 7 1
4 28 1
4 11 1
4 44 1
4 13 1
4 36 1
4 31 1
4 15 1
4 30 1
4 37 1
4 25 1
4 8 1
5 41 1
5 20 1
5 27 1
5 12 1
5 18 1
5 17 1
5 14 1
5 37 1
5 33 1
5 42 1
5 43 1
6 30 1
6 9 1
6 15 1
6 19 1
6 8 1
6 33 1
6 36 1
6 42 1
6 29 1
6 12 1
6 27 1
6 14 1
6 11 1
7 14 1
7 20 1
7 16 1
7 10 1
7 17 1
7 29 1
7 24 1
7 34 1
7 44 1
7 26 1
7 33 1
7 18 1
7 8 1
7 38 1
7 23 1
7 11 1
8 36 1
8 40 1
8 25 1
8 42 1
8 32 1
8 39 1
8 12 1
9 24 1
9 44 1
9 33 1
9 28 1
9 29 1
9 25 1
9 39 1
9 31 1
9 40 1
9 19 1
9 10 1
9 42 1
9 14 1
9 37 1
10 34 1
10 19 1
10 38 1
10 44 1
10 22 1
10 15 1
10 37 1
10 26 1
10 20 1
10 29 1
10 18 1
10 16 1
10 33 1
10 12 1
10 30 1
11 31 1
11 17 1
11 14 1
11 16 1
11 15 1
11 19 1
11 12 1
11 28 1
11 33 1
12 42 1
12 44 1
12 23 1
12 32 1
12 25 1
12 20 1
12 37 1
13 25 1
13 26 1
13 21 1
13 28 1
13 32 1
13 31 1
13 42 1
13 37 1
13 40 1
13 29 1
13 39 1
13 17 1
13 14 1
13 15 1
13 23 1
13 19 1
13 22 1
14 36 1
14 44 1
14 38 1
14 26 1
14 40 1
14 41 1
14 32 1
14 23 1
14 42 1
14 18 1
14 27 1
14 33 1
15 32 1
15 40 1
15 29 1
15 21 1
15 20 1
15 23 1
15 37 1
15 18 1
15 33 1
15 30 1
16 28 1
16 18 1
16 37 1
16 17 1
16 32 1
16 20 1
16 25 1
16 35 1
16 39 1
16 30 1
16 21 1
17 30 1
17 20 1
17 39 1
17 35 1
17 24 1
17 26 1
17 44 1
17 38 1
17 41 1
17 43 1
17 18 1
17 36 1
17 42 1
18 20 1
18 42 1
18 37 1
18 26 1
18 41 1
18 21 1
18 44 1
18 33 1
19 26 1
19 32 1
19 23 1
19 30 1
19 42 1
19 39 1
19 43 1
19 27 1
20 38 1
20 26 1
20 24 1
20 37 1
20 43 1
20 31 1
20 21 1
21 43 1
21 29 1
21 40 1
21 31 1
21 37 1
21 42 1
21 44 1
21 36 1
22 43 1
22 34 1
22 35 1
22 23 1
22 29 1
22 42 1
22 40 1
22 26 1
23 29 1
23 26 1
23 38 1
23 24 1
23 31 1
24 43 1
24 25 1
24 33 1
24 29 1
24 32 1
25 29 1
25 28 1
25 36 1
25 31 1
25 43 1
25 38 1
25 39 1
26 31 1
26 32 1
26 41 1
26 44 1
26 40 1
26 28 1
27 37 1
27 38 1
27 43 1
27 29 1
27 33 1
27 39 1
28 41 1
28 35 1
28 38 1
28 36 1
28 43 1
29 35 1
29 32 1
29 43 1
29 41 1
29 38 1
29 37 1
29 31 1
29 34 1
30 39 1
30 38 1
30 31 1
30 41 1
30 44 1
30 35 1
30 37 1
31 36 1
31 32 1
32 39 1
32 37 1
32 35 1
32 44 1
32 43 1
32 36 1
33 43 1
33 40 1
33 37 1
34 37 1
34 42 1
35 40 1
35 37 1
35 44 1
36 43 1
36 38 1
36 39 1
36 37 1
36 42 1
36 44 1
37 44 1
37 40 1
37 41 1
38 42 1
39 43 1
39 41 1
40 42 1
40 41 1
40 43 1
42 43 1
