45
0 40 1
0 22 1
0 2 1
0 42 1
0 6 1
0 17 1
0 35 1
0 8 1
0 34 1
0 15 1
0 1 1
0 18 1
0 3 1
0 21 1
1 38 1
1 33 1
1 19 1
1 5 1
1 9 1
1 17 1
1 35 1
1 15 1
1 31 1
1 8 1
1 34 1
2 4 1
2 39 1
2 29 1
2 24 1
2 43 1
2 40 1
2 23 1
2 42 1
2 25 1
2 20 1
2 11 1
2 14 1
3 14 1
3 19 1
3 36 1
3 18 1
3 8 1
3 15 1
3 13 1
3 40 1
3 27 1
3 10 1
3 16 1
3 7 1
3 29 1
4 8 1
4 24 1
4 18 1
4 38 1
4 9 1
4 17 1
5 25 1
5 6 1
5 10 1
5 32 1
5 9 1
5 31 1
5 19 1
5 22 1
5 36 1
5 44 1
5 43 1
5 34 1
5 24 1
5 8 1
5 18 1
6 23 1
6 12 1
6 22 1
6 8 1
6 7 1
6 10 1
6 44 1
6 30 1
6 34 1
7 8 1
7 33 1
7 39 1
7 11 1
7 32 1
7 38 1
7 16 1
7 28 1
7 22 1
7 23 1
7 34 1
7 19 1
7 29 1
7 15 1
7 20 1
7 44 1
7 18 1
8 11 1
8 31 1
8 35 1
8 23 1
8 40 1
8 38 1
8 18 1
8 14 1
8 19 1
8 33 1
8 30 1
8 42 1
8 39 1
8 15 1
9 27 1
9 41 1
9 12 1
9 25 1
9 10 1
9 19 1
9 11 1
9 33 1
9 23 1
9 40 1
9 20 1
10 13 1
10 35 1
10 30 1
10 40 1
10 29 1
10 31 1
10 21 1
10 33 1
10 23 1
10 34 1
10 28 1
10 43 1
10 19 1
10 14 1
10 41 1
11 30 1
11 13 1
11 40 1
11 22 1
11 29 1
11 14 1
11 24 1
11 33 1
11 27 1
11 42 1
11 41 1
12 34 1
12 27 1
12 31 1
12 42 1
12 41 1
12 33 1
12 13 1
12 24 1
12 40 1
12 37 1
12 38 1
13 28 1
13 39 1
13 36 1
13 27 1
13 23 1
13 32 1
13 26 1
13 20 1
13 31 1
14 17 1
14 19 1
14 27 1
14 30 1
14 23 1
14 41 1
14 22 1
14 32 1
14 39 1
14 35 1
14 29 1
14 21 1
14 43 1
15 23 1
15 35 1
15 19 1
15 26 1
15 41 1
15 31 1
15 43 1
15 24 1
15 28 1
15 30 1
15 34 1
16 38 1
16 40 1
16 37 1
16 33 1
16 36 1
16 22 1
16 26 1
16 20 1
17 41 1
17 18 1
17 30 1
17 39 1
17 19 1
17 24 1
17 22 1
17 44 1
17 36 1
17 35 1
17 23 1
17 42 1
17 37 1
18 22 1
18 36 1
18 24 1
18 29 1
18 37 1
18 35 1
18 41 1
18 43 1
18 38 1
18 23 1
18 32 1
19 35 1
19 42 1
19 40 1
19 22 1
19 41 1
19 29 1
20 25 1
20 24 1
20 34 1
20 29 1
20 42 1
20 26 1
20 44 1
20 37 1
20 39 1
20 30 1
20 28 1
20 43 1
21 43 1
21 24 1
21 41 1
21 38 1
21 39 1
21 36 1
21 40 1
21 44 1
21 42 1
21 33 1
21 22 1
21 27 1
22 38 1
22 33 1
22 34 1
22 43 1
22 35 1
22 37 1
22 24 1
22 40 1
23 43 1
23 41 1
23 37 1
23 35 1
23 24 1
23 27 1
23 34 1
23 26 1
23 25 1
23 42 1
23 30 1
23 31 1
23 33 1
23 39 1
23 29 1
23 38 1
24 43 1
24 29 1
24 30 1
24 40 1
25 33 1
25 36 1
25 37 1
25 35 1
25 26 1
25 39 1
25 43 1
25 44 1
25 42 1
25 29 1
26 30 1
26 34 1
26 44 1
26 32 1
26 42 1
27 29 1
27 44 1
27 36 1
27 33 1
27 39 1
28 38 1
28 39 1
28 30 1
28 40 1
29 37 1
29 38 1
29 34 1
30 41 1
30 44 1
30 31 1
30 37 1
31 42 1
31 32 1
31 41 1
31 36 1
32 43 1
32 38 1
33 41 1
33 44 1
33 35 1
33 40 1
34 40 1
34 41 1
34 36 1
34 37 1
34 43 1
35 40 1
35 39 1
35 37 1
35 43 1
35 44 1
36 44 1
36 40 1
36 39 1
38 41 1
38 43 1
39 42 1
39 44 1
39 40 1
40 43 1
40 44 1
40 41 1
41 43 1
42 43 1
