45
0 18 1
0 38 1
0 39 1
0 7 1
0 10 1
0 27 1
0 19 1
0 24 1
0 23 1
0 16 1
0 36 1
0 9 1
0 35 1
0 6 1
0 40 1
0 17 1
0 12 1
0 5 1
0 22 1
0 15 1
1 26 1
1 19 1
1 27 1
1 43 1
1 40 1
1 4 1
1 31 1
1 44 1
1 2 1
1 22 1
1 8 1
1 30 1
1 17 1
1 13 1
1 16 1
1 20 1
1 36 1
2 40 1
2 15 1
2 28 1
2 32 1
2 4 1
2 30 1
2 8 1
2 20 1
3 21 1
3 22 1
3 43 1
3 44 1
3 6 1
3 19 1
3 34 1
3 40 1
3 36 1
3 10 1
3 15 1
3 38 1
3 31 1
3 23 1
3 28 1
4 8 1
4 41 1
4 38 1
4 44 1
4 19 1
4 15 1
4 11 1
4 18 1
4 7 1
4 9 1
4 37 1
4 14 1
4 6 1
4 5 1
4 29 1
4 16 1
5 18 1
5 29 1
5 20 1
5 7 1
5 43 1
5 31 1
5 40 1
5 24 1
5 22 1
5 17 1
5 27 1
5 44 1
5 15 1
6 13 1
6 9 1
6 26 1
6 29 1
6 27 1
6 32 1
6 34 1
6 33 1
6 39 1
6 24 1
6 21 1
6 40 1
6 17 1
6 44 1
7 34 1
7 11 1
7 36 1
7 30 1
7 20 1
7 40 1
7 8 1
7 18 1
7 15 1
7 39 1
7 10 1
7 16 1
8 28 1
8 23 1
8 12 1
8 32 1
8 27 1
8 38 1
8 20 1
8 10 1
8 43 1
8 26 1
8 14 1
8 34 1
8 25 1
8 9 1
9 41 1
9 39 1
9 38 1
9 12 1
9 33 1
9 27 1
9 43 1
9 22 1
9 29 1
10 13 1
10 23 1
10 17 1
10 14 1
10 22 1
10 38 1
10 42 1
10 44 1
10 43 1
10 31 1
10 12 1
10 26 1
11 15 1
11 38 1
11 35 1
11 30 1
11 19 1
11 33 1
11 21 1
11 17 1
11 39 1
11 42 1
12 44 1
12 40 1
12 18 1
12 16 1
12 35 1
12 19 1
12 27 1
12 13 1
12 41 1
12 25 1
12 14 1
13 17 1
13 31 1
13 28 1
13 30 1
13 36 1
13 22 1
13 27 1
13 18 1
13 19 1
13 39 1
13 38 1
13 34 1
14 20 1
14 36 1
14 33 1
14 28 1
14 27 1
14 34 1
14 18 1
14 26 1
14 40 1
14 25 1
14 31 1
15 34 1
15 30 1
15 22 1
15 44 1
15 43 1
15 37 1
15 18 1
15 31 1
15 23 1
15 16 1
16 25 1
16 44 1
16 36 1
16 32 1
16 34 1
16 23 1
16 35 1
16 33 1
16 17 1
16 41 1
17 22 1
17 35 1
17 20 1
17 21 1
17 40 1
17 38 1
17 37 1
17 29 1
17 36 1
17 32 1
17 43 1
18 41 1
18 31 1
18 36 1
18 39 1
18 34 1
18 20 1
18 32 1
18 27 1
18 40 1
19 24 1
19 27 1
19 39 1
19 42 1
19 36 1
19 34 1
19 26 1
20 35 1
20 24 1
20 42 1
20 44 1
20 26 1
20 25 1
20 29 1
20 37 1
21 34 1
21 23 1
21 41 1
21 22 1
21 36 1
21 29 1
21 28 1
21 30 1
21 37 1
22 33 1
22 24 1
22 29 1
22 44 1
22 34 1
23 37 1
23 36 1
23 42 1
23 39 1
23 35 1
23 31 1
23 33 1
23 43 1
23 44 1
23 24 1
23 28 1
24 31 1
24 26 1
24 41 1
24 25 1
24 27 1
24 44 1
24 40 1
24 37 1
24 35 1
24 36 1
25 26 1
25 34 1
25 35 1
25 27 1
25 36 1
25 43 1
26 40 1
26 44 1
27 44 1
27 34 1
27 43 1
27 41 1
27 38 1
27 32 1
27 31 1
28 36 1
28 33 1
28 41 1
28 38 1
28 31 1
28 37 1
28 35 1
28 39 1
29 38 1
29 32 1
29 34 1
29 43 1
30 34 1
30 41 1
30 39 1
30 44 1
31 36 1
31 37 1
31 44 1
31 34 1
32 44 1
32 38 1
33 41 1
33 36 1
34 38 1
34 37 1
34 40 1
34 35 1
34 39 1
36 37 1
36 39 1
36 42 1
36 43 1
37 41 1
37 44 1
37 38 1
37 43 1
38 41 1
38 39 1
38 42 1
38 43 1
39 44 1
40 42 1
40 43 1
41 44 1
41 42 1
42 44 1
