55
0 49 1
0 46 1
0 40 1
0 4 1
0 42 1
0 30 1
0 12 1
0 36 1
0 22 1
0 41 1
0 25 1
0 11 1
0 27 1
0 18 1
0 53 1
0 45 1
0 3 1
0 23 1
0 1 1
0 28 1
1 31 1
1 11 1
1 21 1
1 27 1
1 51 1
1 7 1
1 24 1
1 39 1
1 9 1
1 28 1
1 25 1
1 46 1
1 14 1
1 16 1
1 47 1
1 13 1
1 19 1
1 50 1
2 16 1
2 32 1
2 36 1
2 33 1
2 44 1
2 45 1
2 8 1
2 26 1
2 53 1
2 21 1
2 42 1
2 22 1
2 35 1
2 48 1
2 17 1
2 28 1
2 13 1
2 30 1
3 39 1
3 26 1
3 22 1
3 13 1
3 9 1
3 16 1
3 42 1
3 38 1
3 32 1
3 50 1
3 37 1
3 24 1
3 20 1
3 35 1
4 7 1
4 16 1
4 51 1
4 17 1
4 28 1
4 6 1
4 43 1
4 24 1
4 38 1
4 23 1
4 8 1
4 34 1
4 53 1
4 45 1
5 48 1
5 20 1
5 42 1
5 17 1
5 13 1
5 10 1
5 18 1
5 26 1
5 30 1
5 52 1
5 34 1
5 8 1
5 19 1
5 33 1
5 24 1
5 16 1
5 14 1
6 39 1
6 53 1
6 12 1
6 38 1
6 40 1
6 9 1
6 43 1
6 49 1
6 20 1
6 27 1
6 47 1
6 52 1
6 29 1
6 25 1
6 51 1
6 7 1
6 11 1
6 46 1
6 42 1
7 12 1
7 49 1
7 46 1
7 17 1
7 53 1
7 36 1
7 50 1
7 45 1
7 35 1
7 25 1
7 31 1
7 43 1
7 33 1
7 44 1
7 42 1
7 13 1
7 27 1
7 30 1
7 10 1
7 18 1
7 16 1
7 19 1
7 11 1
7 32 1
7 34 1
7 37 1
7 51 1
7 47 1
8 41 1
8 14 1
8 30 1
8 34 1
8 16 1
8 54 1
8 36 1
8 18 1
8 29 1
8 38 1
8 53 1
8 13 1
8 19 1
8 42 1
8 43 1
8 44 1
8 52 1
8 45 1
8 39 1
9 36 1
9 45 1
9 32 1
9 11 1
9 47 1
9 25 1
9 37 1
9 12 1
9 24 1
9 48 1
9 29 1
9 30 1
9 14 1
9 41 1
9 44 1
10 18 1
10 12 1
10 27 1
10 20 1
10 16 1
10 33 1
10 28 1
10 46 1
10 53 1
10 43 1
10 24 1
10 45 1
10 23 1
11 28 1
11 30 1
11 39 1
11 32 1
11 15 1
11 47 1
11 27 1
11 12 1
11 49 1
11 45 1
11 54 1
11 48 1
12 38 1
12 40 1
12 51 1
12 46 1
12 19 1
12 34 1
12 14 1
12 54 1
12 47 1
12 41 1
12 44 1
12 17 1
12 15 1
12 13 1
12 52 1
12 49 1
12 50 1
12 42 1
12 45 1
13 20 1
13 27 1
13 32 1
13 51 1
13 34 1
13 41 1
13 38 1
13 24 1
13 37 1
13 52 1
13 50 1
13 22 1
13 39 1
13 31 1
13 17 1
14 16 1
14 30 1
14 37 1
14 51 1
14 42 1
14 36 1
14 44 1
14 45 1
14 35 1
14 24 1
14 41 1
14 18 1
14 54 1
14 34 1
14 25 1
14 48 1
15 16 1
15 41 1
15 31 1
15 20 1
15 34 1
15 48 1
15 28 1
15 30 1
15 52 1
15 25 1
15 22 1
15 54 1
15 47 1
15 23 1
15 38 1
15 43 1
15 24 1
15 29 1
16 35 1
16 45 1
16 48 1
16 47 1
16 36 1
16 38 1
16 29 1
16 28 1
16 39 1
16 18 1
16 41 1
16 22 1
16 54 1
16 53 1
17 24 1
17 41 1
17 31 1
17 29 1
17 27 1
17 26 1
17 20 1
17 25 1
17 22 1
17 52 1
17 39 1
17 40 1
17 48 1
17 34 1
18 52 1
18 34 1
18 41 1
18 51 1
18 31 1
18 30 1
18 20 1
18 42 1
18 37 1
18 49 1
18 39 1
18 21 1
18 35 1
19 49 1
19 32 1
19 45 1
19 29 1
19 26 1
19 54 1
19 50 1
19 34 1
19 52 1
19 39 1
19 30 1
19 25 1
20 22 1
20 21 1
20 25 1
20 41 1
20 38 1
20 34 1
20 30 1
20 42 1
20 54 1
20 50 1
20 36 1
20 45 1
20 47 1
21 50 1
21 30 1
21 51 1
21 25 1
21 47 1
21 28 1
21 44 1
21 46 1
21 33 1
22 43 1
22 33 1
22 46 1
22 28 1
22 32 1
22 51 1
22 36 1
22 24 1
22 25 1
22 48 1
22 29 1
22 23 1
22 42 1
23 43 1
23 53 1
23 39 1
23 52 1
23 32 1
23 26 1
23 34 1
23 49 1
23 54 1
23 27 1
23 42 1
24 38 1
24 28 1
24 32 1
24 25 1
24 36 1
24 26 1
24 47 1
24 40 1
25 52 1
25 45 1
25 33 1
25 37 1
25 27 1
25 49 1
25 28 1
25 46 1
25 35 1
25 39 1
26 44 1
26 37 1
26 31 1
26 42 1
26 40 1
26 46 1
26 51 1
26 38 1
26 45 1
26 32 1
26 27 1
27 41 1
27 36 1
27 31 1
27 43 1
27 45 1
27 40 1
27 54 1
27 37 1
28 34 1
28 43 1
28 32 1
28 39 1
28 36 1
28 44 1
28 41 1
28 40 1
28 53 1
28 42 1
28 35 1
28 47 1
29 43 1
29 47 1
29 35 1
29 46 1
29 42 1
29 30 1
29 44 1
29 53 1
29 33 1
30 44 1
30 41 1
30 40 1
30 43 1
30 47 1
30 46 1
31 48 1
31 41 1
31 52 1
31 53 1
31 46 1
31 54 1
31 50 1
32 50 1
32 46 1
32 53 1
32 33 1
33 53 1
33 46 1
33 48 1
33 40 1
34 47 1
34 41 1
34 48 1
34 54 1
34 37 1
35 38 1
35 47 1
35 49 1
35 37 1
35 44 1
35 46 1
35 51 1
35 52 1
36 50 1
36 39 1
36 54 1
36 48 1
36 38 1
36 41 1
37 53 1
37 52 1
37 39 1
37 41 1
37 54 1
37 51 1
38 52 1
38 54 1
38 42 1
38 53 1
38 50 1
38 41 1
39 41 1
39 42 1
39 46 1
39 47 1
40 47 1
40 44 1
40 42 1
40 49 1
41 54 1
41 44 1
41 53 1
41 50 1
42 46 1
42 51 1
42 50 1
43 47 1
43 53 1
43 51 1
43 48 1
43 45 1
44 53 1
44 50 1
44 52 1
45 46 1
45 49 1
45 51 1
46 51 1
46 54 1
46 47 1
46 48 1
48 49 1
48 50 1
49 54 1
49 51 1
51 53 1
