55
0 37 1
0 48 1
0 34 1
0 3 1
0 16 1
0 9 1
0 5 1
0 18 1
0 27 1
0 46 1
0 30 1
0 49 1
0 33 1
0 43 1
0 31 1
0 20 1
0 50 1
0 51 1
0 14 1
0 2 1
1 33 1
1 28 1
1 14 1
1 48 1
1 27 1
1 10 1
1 6 1
1 29 1
1 52 1
1 50 1
1 20 1
1 12 1
1 38 1
1 8 1
1 9 1
1 13 1
2 37 1
2 11 1
2 27 1
2 41 1
2 15 1
2 26 1
2 16 1
2 38 1
2 23 1
2 25 1
2 9 1
3 48 1
3 8 1
3 14 1
3 19 1
3 43 1
3 5 1
3 31 1
3 39 1
3 36 1
3 17 1
3 45 1
3 34 1
3 24 1
3 54 1
4 42 1
4 19 1
4 31 1
4 26 1
4 17 1
4 7 1
4 18 1
4 38 1
4 36 1
4 29 1
4 11 1
4 37 1
4 10 1
4 43 1
4 9 1
4 40 1
4 39 1
4 48 1
4 52 1
4 27 1
4 46 1
5 35 1
5 18 1
5 8 1
5 33 1
5 39 1
5 27 1
5 25 1
5 21 1
5 46 1
5 45 1
5 24 1
5 15 1
5 20 1
5 38 1
5 7 1
5 6 1
5 11 1
5 34 1
5 26 1
5 17 1
5 23 1
5 10 1
6 47 1
6 20 1
6 25 1
6 54 1
6 34 1
6 33 1
6 50 1
6 7 1
6 17 1
6 38 1
6 28 1
6 26 1
6 22 1
6 14 1
7 31 1
7 39 1
7 35 1
7 29 1
7 53 1
7 9 1
7 16 1
7 52 1
7 25 1
7 8 1
7 28 1
7 15 1
7 18 1
7 36 1
7 21 1
8 53 1
8 35 1
8 42 1
8 14 1
8 30 1
8 29 1
8 17 1
8 46 1
8 38 1
8 40 1
8 50 1
8 32 1
8 26 1
9 28 1
9 11 1
9 42 1
9 39 1
9 17 1
9 50 1
9 47 1
9 23 1
9 13 1
9 40 1
9 18 1
9 21 1
9 16 1
9 36 1
9 51 1
9 45 1
9 10 1
9 38 1
10 53 1
10 22 1
10 11 1
10 13 1
10 17 1
10 52 1
10 43 1
10 35 1
10 16 1
10 15 1
10 38 1
10 45 1
10 44 1
10 18 1
10 28 1
11 54 1
11 15 1
11 23 1
11 31 1
11 51 1
11 27 1
11 12 1
11 48 1
11 35 1
11 33 1
11 52 1
11 50 1
11 17 1
11 36 1
11 28 1
11 40 1
11 41 1
11 45 1
12 50 1
12 44 1
12 23 1
12 39 1
12 53 1
12 27 1
12 37 1
12 40 1
12 26 1
12 25 1
12 43 1
12 30 1
12 29 1
12 45 1
12 38 1
12 52 1
12 51 1
12 22 1
12 31 1
12 21 1
12 34 1
12 42 1
13 32 1
13 24 1
13 33 1
13 34 1
13 39 1
13 20 1
13 18 1
13 45 1
13 17 1
13 23 1
13 47 1
13 50 1
13 21 1
13 51 1
13 22 1
13 35 1
13 30 1
13 43 1
13 49 1
13 26 1
13 25 1
13 41 1
14 54 1
14 26 1
14 23 1
14 51 1
14 19 1
14 52 1
14 28 1
14 39 1
14 43 1
14 49 1
14 16 1
14 42 1
14 32 1
14 53 1
14 35 1
14 33 1
14 48 1
14 38 1
15 51 1
15 24 1
15 31 1
15 26 1
15 42 1
15 35 1
15 40 1
15 18 1
15 39 1
15 34 1
15 52 1
15 22 1
16 48 1
16 53 1
16 47 1
16 22 1
16 25 1
16 43 1
16 46 1
16 24 1
16 45 1
16 49 1
16 51 1
17 25 1
17 24 1
17 22 1
17 36 1
17 48 1
17 46 1
17 40 1
17 44 1
17 26 1
17 54 1
17 41 1
17 20 1
17 53 1
17 45 1
17 38 1
18 48 1
18 38 1
18 21 1
18 46 1
18 45 1
18 29 1
18 19 1
19 47 1
19 29 1
19 50 1
19 44 1
19 36 1
19 40 1
19 46 1
19 43 1
19 51 1
19 22 1
20 22 1
20 30 1
20 37 1
20 47 1
20 35 1
20 33 1
20 31 1
20 42 1
20 27 1
21 23 1
21 53 1
21 51 1
21 27 1
21 34 1
21 44 1
21 26 1
21 41 1
21 40 1
22 31 1
22 47 1
22 29 1
22 28 1
22 50 1
22 48 1
22 36 1
22 54 1
22 37 1
22 26 1
22 24 1
23 48 1
23 43 1
23 39 1
23 36 1
23 42 1
23 33 1
23 51 1
24 49 1
24 27 1
24 36 1
24 48 1
24 42 1
24 54 1
24 40 1
25 48 1
25 34 1
25 26 1
25 54 1
25 38 1
25 35 1
25 44 1
25 39 1
25 45 1
26 45 1
26 53 1
26 38 1
26 33 1
26 28 1
26 48 1
26 35 1
26 32 1
26 51 1
26 50 1
26 40 1
26 47 1
26 37 1
27 46 1
27 37 1
27 33 1
27 50 1
27 49 1
27 36 1
27 40 1
27 30 1
27 39 1
28 40 1
28 39 1
28 46 1
28 35 1
28 48 1
28 47 1
28 50 1
28 44 1
28 38 1
28 53 1
28 41 1
29 49 1
29 48 1
29 52 1
29 33 1
29 51 1
29 44 1
29 54 1
29 42 1
30 52 1
30 40 1
30 36 1
30 44 1
30 32 1
30 51 1
30 31 1
30 46 1
30 47 1
30 50 1
30 33 1
31 45 1
31 36 1
31 35 1
31 44 1
31 48 1
31 42 1
32 36 1
32 48 1
32 42 1
32 50 1
32 46 1
32 44 1
32 39 1
33 54 1
33 41 1
33 51 1
33 46 1
34 37 1
34 44 1
34 36 1
34 38 1
34 43 1
34 49 1
35 50 1
35 52 1
35 38 1
35 47 1
35 40 1
35 54 1
35 42 1
36 53 1
36 52 1
36 48 1
37 40 1
37 51 1
37 38 1
37 47 1
37 41 1
37 53 1
37 48 1
37 42 1
37 45 1
38 49 1
38 53 1
38 40 1
38 43 1
38 41 1
38 42 1
38 48 1
38 51 1
39 45 1
39 52 1
39 54 1
39 47 1
39 42 1
40 50 1
40 49 1
40 51 1
40 47 1
40 41 1
40 46 1
40 43 1
40 48 1
40 54 1
40 45 1
40 52 1
41 51 1
41 53 1
41 42 1
41 52 1
41 54 1
41 44 1
41 50 1
41 47 1
42 45 1
42 49 1
42 54 1
43 48 1
43 53 1
43 51 1
43 50 1
43 45 1
44 47 1
44 46 1
45 53 1
45 52 1
45 49 1
45 48 1
46 47 1
46 49 1
46 54 1
47 49 1
47 53 1
47 51 1
47 54 1
48 52 1
48 50 1
48 51 1
50 53 1
50 54 1
51 54 1
