55
0 48 1
0 14 1
0 41 1
0 22 1
0 10 1
0 54 1
0 6 1
0 9 1
0 3 1
0 13 1
0 32 1
0 45 1
0 2 1
0 5 1
0 28 1
1 20 1
1 28 1
1 7 1
1 6 1
1 50 1
1 3 1
1 38 1
1 21 1
1 41 1
1 18 1
1 5 1
1 19 1
1 39 1
1 30 1
1 35 1
1 45 1
1 15 1
2 9 1
2 10 1
2 18 1
2 26 1
2 53 1
2 31 1
2 23 1
2 33 1
2 6 1
2 51 1
2 7 1
2 3 1
2 44 1
2 5 1
2 8 1
2 42 1
2 50 1
2 22 1
2 48 1
2 15 1
2 30 1
3 16 1
3 12 1
3 44 1
3 7 1
3 53 1
3 11 1
3 35 1
3 38 1
3 6 1
3 13 1
3 28 1
3 52 1
3 43 1
3 33 1
3 15 1
4 14 1
4 49 1
4 11 1
4 34 1
4 50 1
4 35 1
4 7 1
4 46 1
4 8 1
4 27 1
4 42 1
4 10 1
4 15 1
4 25 1
5 37 1
5 38 1
5 11 1
5 23 1
5 28 1
5 7 1
5 15 1
5 14 1
5 25 1
5 50 1
5 10 1
5 42 1
5 8 1
5 29 1
5 49 1
5 34 1
6 17 1
6 8 1
6 49 1
6 14 1
6 27 1
6 39 1
6 41 1
6 46 1
6 45 1
6 52 1
6 48 1
6 10 1
6 37 1
6 24 1
6 22 1
6 7 1
7 15 1
7 35 1
7 51 1
7 36 1
7 53 1
7 27 1
7 19 1
7 25 1
7 29 1
7 28 1
7 49 1
7 37 1
7 34 1
7 30 1
7 26 1
7 22 1
7 16 1
7 40 1
7 24 1
7 44 1
8 45 1
8 18 1
8 29 1
8 46 1
8 22 1
8 19 1
8 40 1
8 48 1
8 21 1
8 24 1
8 52 1
8 30 1
8 42 1
8 39 1
9 16 1
9 29 1
9 35 1
9 13 1
9 53 1
9 51 1
9 12 1
9 28 1
9 18 1
9 48 1
9 21 1
9 19 1
9 49 1
10 13 1
10 32 1
10 15 1
10 28 1
10 36 1
10 19 1
10 27 1
10 23 1
10 38 1
10 46 1
10 16 1
10 43 1
10 53 1
10 24 1
10 35 1
11 49 1
11 45 1
11 20 1
11 34 1
11 14 1
11 30 1
11 35 1
11 28 1
11 26 1
11 17 1
11 37 1
11 12 1
11 48 1
11 16 1
11 31 1
11 38 1
11 40 1
11 46 1
12 27 1
12 32 1
12 53 1
12 49 1
12 34 1
12 50 1
12 15 1
12 54 1
12 24 1
12 33 1
12 39 1
12 17 1
12 43 1
12 25 1
12 26 1
12 35 1
12 44 1
12 36 1
12 16 1
12 28 1
13 30 1
13 48 1
13 45 1
13 24 1
13 51 1
13 42 1
13 34 1
13 46 1
13 23 1
13 37 1
13 43 1
13 52 1
13 29 1
13 33 1
13 21 1
13 22 1
14 44 1
14 41 1
14 25 1
14 46 1
14 43 1
14 26 1
14 34 1
14 32 1
14 35 1
14 47 1
14 15 1
15 17 1
15 30 1
15 39 1
15 47 1
15 44 1
15 37 1
15 48 1
15 19 1
15 43 1
15 26 1
15 42 1
15 33 1
15 52 1
15 41 1
15 50 1
15 32 1
15 38 1
15 21 1
16 40 1
16 45 1
16 17 1
16 25 1
16 52 1
16 34 1
16 36 1
16 41 1
16 22 1
16 26 1
16 31 1
16 44 1
16 42 1
16 47 1
16 39 1
16 32 1
16 51 1
17 40 1
17 32 1
17 33 1
17 28 1
17 27 1
17 20 1
17 30 1
17 48 1
17 21 1
17 29 1
17 51 1
17 54 1
17 41 1
18 26 1
18 44 1
18 52 1
18 51 1
18 31 1
18 48 1
18 49 1
18 36 1
18 38 1
18 46 1
18 41 1
18 45 1
18 50 1
19 54 1
19 41 1
19 37 1
19 29 1
19 50 1
19 24 1
19 39 1
19 49 1
19 27 1
19 32 1
19 20 1
19 23 1
19 44 1
19 26 1
19 28 1
20 43 1
20 40 1
20 38 1
20 51 1
20 41 1
20 44 1
20 45 1
20 52 1
20 50 1
20 35 1
20 49 1
20 36 1
20 53 1
20 42 1
20 28 1
20 23 1
21 43 1
21 39 1
21 30 1
21 25 1
21 42 1
21 26 1
21 35 1
21 34 1
21 47 1
22 40 1
22 25 1
22 48 1
22 42 1
22 52 1
22 36 1
22 29 1
22 54 1
22 30 1
22 51 1
23 32 1
23 45 1
23 46 1
23 44 1
23 50 1
23 36 1
23 27 1
24 33 1
24 32 1
24 28 1
24 53 1
24 50 1
24 35 1
24 26 1
24 47 1
24 30 1
25 40 1
25 46 1
25 47 1
25 34 1
25 51 1
25 26 1
25 52 1
25 53 1
25 30 1
26 40 1
26 52 1
26 41 1
26 30 1
26 48 1
26 27 1
26 50 1
26 49 1
26 47 1
26 53 1
26 43 1
26 28 1
26 29 1
27 48 1
27 50 1
27 28 1
27 35 1
27 39 1
28 47 1
28 49 1
28 36 1
28 35 1
28 45 1
28 42 1
28 52 1
28 39 1
28 41 1
28 30 1
29 54 1
29 53 1
29 44 1
29 40 1
29 50 1
29 35 1
29 32 1
29 46 1
29 52 1
30 54 1
30 31 1
30 51 1
30 47 1
30 45 1
30 53 1
30 40 1
30 44 1
31 43 1
31 48 1
31 36 1
31 34 1
31 50 1
31 46 1
31 38 1
32 45 1
32 53 1
32 52 1
32 38 1
32 39 1
32 42 1
33 48 1
33 45 1
33 42 1
33 51 1
33 52 1
33 50 1
33 53 1
34 43 1
34 38 1
34 53 1
34 49 1
34 37 1
34 35 1
34 40 1
34 41 1
34 45 1
34 52 1
35 41 1
35 49 1
35 46 1
35 39 1
35 54 1
35 42 1
35 52 1
35 44 1
36 39 1
36 46 1
36 40 1
36 42 1
36 43 1
36 53 1
36 52 1
36 49 1
37 41 1
37 54 1
37 42 1
37 40 1
38 50 1
38 40 1
38 51 1
38 49 1
38 39 1
38 46 1
39 49 1
39 50 1
39 46 1
39 47 1
39 53 1
40 51 1
40 50 1
40 53 1
40 54 1
41 54 1
41 52 1
41 50 1
41 43 1
41 47 1
41 51 1
42 51 1
42 48 1
42 50 1
43 44 1
43 46 1
44 47 1
44 50 1
44 48 1
44 54 1
44 46 1
44 51 1
45 50 1
45 49 1
45 46 1
45 52 1
46 50 1
46 54 1
46 49 1
47 50 1
47 51 1
47 53 1
47 48 1
48 53 1
49 52 1
50 53 1
53 54 1
