55
0 24 1
0 30 1
0 20 1
0 50 1
0 42 1
0 53 1
0 28 1
0 2 1
0 51 1
0 46 1
0 11 1
0 21 1
0 10 1
0 7 1
0 54 1
0 41 1
1 8 1
1 47 1
1 4 1
1 39 1
1 17 1
1 13 1
1 14 1
1 33 1
1 15 1
1 38 1
1 9 1
1 48 1
1 45 1
1 51 1
1 24 1
1 25 1
1 3 1
1 36 1
2 42 1
2 26 1
2 38 1
2 51 1
2 52 1
2 4 1
2 8 1
2 37 1
2 24 1
2 50 1
2 21 1
2 18 1
2 44 1
2 15 1
3 9 1
3 16 1
3 35 1
3 34 1
3 31 1
3 33 1
3 52 1
3 37 1
3 50 1
3 4 1
3 41 1
3 28 1
3 32 1
3 24 1
3 43 1
3 8 1
3 10 1
3 38 1
4 53 1
4 33 1
4 52 1
4 13 1
4 20 1
4 23 1
4 40 1
4 24 1
4 45 1
4 36 1
4 16 1
5 48 1
5 25 1
5 26 1
5 47 1
5 14 1
5 46 1
5 34 1
5 50 1
5 17 1
5 19 1
5 32 1
5 10 1
5 13 1
5 30 1
5 21 1
5 15 1
5 27 1
5 45 1
5 38 1
5 9 1
6 17 1
6 16 1
6 52 1
6 37 1
6 39 1
6 13 1
6 19 1
6 7 1
6 43 1
6 35 1
6 45 1
6 51 1
6 26 1
6 11 1
6 33 1
6 24 1
6 36 1
6 20 1
6 21 1
6 49 1
6 38 1
7 52 1
7 47 1
7 49 1
7 19 1
7 44 1
7 26 1
7 37 1
7 46 1
7 40 1
7 20 1
7 33 1
7 42 1
7 43 1
7 31 1
7 48 1
7 11 1
7 34 1
7 21 1
7 27 1
8 16 1
8 11 1
8 25 1
8 30 1
8 32 1
8 29 1
8 47 1
8 37 1
8 27 1
8 13 1
8 42 1
8 24 1
8 43 1
8 10 1
8 20 1
8 17 1
8 50 1
9 36 1
9 50 1
9 37 1
9 10 1
9 20 1
9 19 1
9 47 1
9 13 1
9 24 1
9 35 1
9 52 1
9 26 1
9 46 1
9 25 1
10 26 1
10 30 1
10 25 1
10 17 1
10 41 1
10 21 1
10 22 1
10 35 1
10 31 1
10 53 1
10 13 1
10 24 1
10 38 1
11 15 1
11 23 1
11 29 1
11 36 1
11 17 1
11 37 1
11 49 1
12 41 1
12 31 1
12 51 1
12 43 1
12 33 1
12 50 1
12 34 1
12 14 1
12 32 1
12 20 1
12 29 1
12 19 1
12 52 1
12 36 1
12 44 1
12 38 1
12 35 1
13 24 1
13 34 1
13 32 1
13 28 1
13 41 1
13 39 1
13 31 1
13 48 1
13 47 1
13 20 1
13 23 1
13 45 1
13 16 1
13 37 1
13 26 1
13 22 1
13 42 1
14 24 1
14 53 1
14 18 1
14 54 1
14 50 1
14 43 1
14 44 1
14 37 1
14 20 1
14 26 1
14 25 1
15 38 1
15 31 1
15 20 1
15 18 1
15 40 1
15 45 1
15 21 1
15 28 1
15 36 1
15 19 1
15 39 1
15 24 1
15 32 1
15 37 1
16 26 1
16 19 1
16 29 1
16 41 1
16 37 1
16 34 1
16 21 1
16 24 1
16 23 1
16 46 1
16 48 1
16 51 1
16 33 1
17 22 1
17 21 1
17 28 1
17 20 1
17 32 1
17 44 1
17 48 1
17 54 1
17 30 1
17 47 1
17 25 1
17 34 1
17 45 1
17 41 1
17 39 1
17 53 1
17 33 1
18 38 1
18 40 1
18 28 1
18 27 1
18 50 1
18 45 1
18 51 1
18 19 1
18 29 1
18 46 1
18 47 1
18 41 1
18 36 1
19 51 1
19 35 1
19 45 1
19 34 1
19 25 1
19 37 1
19 54 1
19 36 1
19 46 1
19 39 1
19 31 1
19 52 1
19 47 1
19 53 1
19 38 1
20 50 1
20 39 1
20 34 1
20 23 1
20 26 1
20 54 1
20 42 1
20 30 1
20 43 1
20 44 1
20 41 1
20 52 1
21 49 1
21 23 1
21 27 1
21 53 1
21 40 1
21 28 1
21 46 1
21 25 1
21 24 1
22 32 1
22 39 1
22 26 1
22 52 1
22 25 1
22 43 1
22 45 1
22 37 1
22 28 1
22 36 1
22 35 1
23 35 1
23 46 1
23 40 1
23 52 1
23 27 1
23 38 1
23 44 1
23 41 1
23 39 1
24 50 1
24 28 1
24 34 1
24 37 1
24 31 1
24 43 1
24 25 1
24 53 1
24 26 1
24 35 1
24 54 1
24 33 1
24 46 1
24 44 1
25 40 1
25 35 1
25 43 1
25 52 1
25 27 1
25 48 1
25 38 1
25 28 1
25 29 1
25 49 1
26 38 1
26 44 1
26 54 1
26 35 1
26 37 1
26 46 1
26 32 1
27 50 1
27 28 1
27 43 1
27 38 1
27 47 1
27 49 1
27 37 1
27 45 1
27 46 1
28 52 1
28 43 1
28 40 1
28 46 1
28 44 1
28 29 1
28 53 1
28 39 1
28 50 1
28 47 1
28 36 1
28 35 1
29 44 1
29 46 1
29 42 1
29 52 1
29 43 1
29 33 1
29 35 1
29 53 1
29 40 1
29 36 1
29 41 1
29 54 1
30 37 1
30 50 1
30 35 1
30 48 1
30 47 1
30 36 1
30 40 1
30 39 1
30 42 1
30 43 1
30 41 1
30 46 1
30 44 1
31 44 1
31 39 1
32 51 1
32 37 1
32 48 1
32 54 1
32 45 1
32 50 1
32 47 1
32 33 1
32 36 1
33 46 1
33 54 1
33 41 1
33 40 1
33 48 1
33 49 1
33 34 1
33 47 1
34 46 1
34 50 1
34 54 1
34 44 1
34 41 1
34 45 1
34 42 1
34 52 1
34 48 1
35 39 1
35 53 1
35 36 1
35 43 1
35 50 1
35 40 1
35 41 1
35 45 1
35 51 1
36 40 1
36 50 1
36 52 1
36 44 1
36 48 1
36 41 1
36 38 1
36 53 1
37 53 1
37 42 1
37 40 1
37 39 1
37 52 1
37 46 1
38 51 1
38 43 1
38 52 1
39 49 1
39 50 1
39 51 1
39 52 1
40 45 1
40 44 1
40 53 1
40 48 1
41 50 1
41 46 1
41 52 1
41 44 1
41 54 1
41 47 1
42 53 1
42 43 1
42 51 1
42 49 1
42 50 1
43 48 1
43 50 1
43 51 1
43 54 1
43 45 1
44 46 1
44 49 1
44 47 1
45 52 1
45 53 1
45 54 1
45 46 1
46 54 1
46 48 1
47 48 1
48 49 1
49 54 1
49 51 1
50 54 1
50 51 1
51 54 1
51 53 1
52 53 1
