55
0 5 1
0 34 1
0 30 1
0 19 1
0 52 1
0 23 1
0 6 1
0 24 1
0 20 1
0 21 1
0 53 1
0 15 1
0 41 1
0 36 1
0 43 1
0 27 1
0 37 1
0 39 1
0 7 1
0 46 1
1 21 1
1 15 1
1 19 1
1 13 1
1 25 1
1 41 1
1 43 1
1 42 1
1 28 1
1 46 1
1 45 1
1 54 1
1 32 1
1 22 1
1 27 1
2 14 1
2 13 1
2 52 1
2 23 1
2 36 1
2 5 1
2 42 1
2 40 1
2 46 1
2 16 1
2 29 1
2 54 1
2 7 1
2 53 1
2 3 1
2 9 1
2 43 1
3 27 1
3 21 1
3 46 1
3 37 1
3 11 1
3 28 1
3 50 1
3 4 1
3 44 1
3 40 1
3 43 1
3 34 1
3 15 1
3 16 1
3 53 1
3 5 1
3 41 1
3 8 1
3 19 1
3 45 1
3 54 1
4 38 1
4 15 1
4 26 1
4 48 1
4 11 1
4 27 1
4 6 1
4 10 1
4 42 1
4 52 1
4 51 1
4 18 1
4 53 1
4 40 1
4 43 1
4 46 1
4 25 1
4 37 1
4 31 1
4 44 1
4 33 1
4 24 1
5 41 1
5 39 1
5 46 1
5 14 1
5 25 1
5 16 1
5 48 1
5 7 1
5 28 1
5 45 1
5 49 1
5 32 1
5 37 1
5 43 1
6 35 1
6 19 1
6 16 1
6 23 1
6 17 1
6 45 1
6 18 1
6 42 1
6 32 1
6 9 1
6 47 1
6 8 1
6 34 1
6 12 1
6 30 1
6 21 1
7 28 1
7 50 1
7 23 1
7 14 1
7 31 1
7 25 1
7 26 1
7 34 1
7 21 1
7 16 1
7 30 1
7 10 1
7 40 1
8 33 1
8 41 1
8 16 1
8 42 1
8 9 1
8 29 1
8 34 1
8 43 1
8 47 1
8 14 1
8 51 1
8 10 1
8 35 1
8 54 1
8 18 1
8 11 1
8 21 1
8 28 1
8 53 1
8 23 1
8 31 1
8 49 1
8 24 1
9 33 1
9 25 1
9 50 1
9 12 1
9 52 1
9 21 1
9 45 1
9 30 1
9 48 1
9 31 1
9 32 1
9 14 1
9 36 1
9 13 1
9 17 1
9 42 1
9 54 1
10 18 1
10 48 1
10 29 1
10 14 1
10 47 1
10 43 1
10 54 1
10 26 1
10 40 1
10 13 1
10 35 1
10 11 1
10 34 1
10 23 1
10 44 1
10 42 1
11 34 1
11 48 1
11 14 1
11 16 1
11 19 1
11 37 1
11 51 1
11 44 1
11 36 1
11 18 1
11 32 1
11 50 1
11 26 1
11 21 1
12 16 1
12 24 1
12 45 1
12 25 1
12 53 1
12 48 1
12 13 1
12 42 1
12 52 1
12 30 1
12 19 1
12 20 1
12 38 1
12 47 1
12 27 1
12 31 1
12 26 1
12 44 1
13 37 1
13 14 1
13 20 1
13 53 1
13 46 1
13 33 1
13 51 1
13 54 1
13 32 1
13 24 1
13 43 1
13 34 1
14 45 1
14 38 1
14 16 1
14 37 1
14 20 1
14 18 1
14 39 1
14 35 1
14 52 1
14 22 1
14 53 1
14 40 1
14 19 1
14 24 1
14 21 1
14 29 1
14 42 1
14 15 1
14 48 1
15 45 1
15 24 1
15 20 1
15 53 1
15 32 1
15 29 1
15 31 1
15 16 1
15 19 1
15 28 1
15 17 1
15 44 1
16 45 1
16 49 1
16 46 1
16 51 1
16 37 1
16 30 1
16 52 1
16 36 1
16 38 1
16 39 1
16 27 1
17 53 1
17 50 1
17 18 1
17 29 1
17 41 1
17 31 1
17 42 1
17 47 1
18 45 1
18 26 1
18 35 1
18 46 1
18 50 1
18 44 1
18 54 1
18 43 1
18 31 1
18 30 1
18 51 1
18 36 1
18 25 1
19 48 1
19 26 1
19 31 1
19 30 1
19 44 1
19 32 1
19 45 1
19 20 1
19 39 1
19 47 1
20 25 1
20 26 1
20 54 1
20 53 1
20 45 1
20 34 1
20 30 1
20 43 1
20 35 1
20 42 1
20 46 1
20 48 1
20 28 1
20 32 1
21 39 1
21 24 1
21 44 1
21 42 1
21 49 1
21 22 1
21 35 1
21 29 1
21 36 1
22 24 1
22 41 1
22 34 1
22 28 1
22 50 1
22 53 1
22 43 1
22 39 1
22 27 1
22 35 1
22 23 1
22 54 1
23 33 1
23 48 1
23 44 1
23 43 1
23 35 1
23 46 1
23 52 1
23 36 1
23 26 1
23 37 1
23 31 1
24 43 1
24 32 1
24 50 1
24 51 1
24 41 1
24 37 1
24 48 1
24 52 1
24 45 1
24 46 1
24 26 1
25 36 1
25 37 1
25 46 1
25 31 1
25 39 1
25 50 1
25 47 1
25 54 1
25 34 1
25 30 1
25 40 1
26 34 1
26 45 1
26 54 1
26 38 1
26 37 1
26 33 1
26 28 1
26 44 1
26 49 1
26 46 1
26 47 1
26 53 1
26 29 1
26 42 1
26 40 1
27 35 1
27 41 1
27 28 1
27 53 1
27 45 1
27 47 1
27 31 1
27 42 1
28 36 1
28 41 1
28 48 1
28 44 1
28 50 1
28 47 1
28 54 1
28 43 1
28 46 1
28 29 1
29 48 1
29 54 1
29 40 1
29 50 1
29 35 1
29 34 1
29 45 1
29 46 1
29 33 1
30 33 1
30 42 1
30 41 1
30 53 1
30 44 1
30 32 1
30 50 1
30 39 1
30 38 1
30 48 1
30 31 1
31 47 1
31 36 1
31 49 1
31 46 1
31 48 1
31 50 1
31 32 1
31 34 1
32 54 1
32 45 1
32 43 1
32 36 1
32 35 1
32 41 1
32 44 1
33 46 1
33 47 1
33 37 1
33 42 1
33 38 1
33 35 1
33 51 1
34 35 1
34 51 1
34 48 1
34 39 1
34 43 1
34 41 1
34 47 1
34 38 1
34 45 1
35 39 1
35 46 1
35 36 1
35 49 1
35 44 1
35 52 1
36 49 1
36 54 1
36 47 1
36 39 1
37 44 1
37 47 1
37 53 1
38 51 1
38 39 1
38 52 1
38 47 1
38 53 1
38 42 1
38 54 1
39 45 1
39 40 1
39 48 1
39 49 1
40 41 1
40 54 1
40 45 1
40 53 1
40 44 1
41 47 1
41 46 1
41 43 1
41 48 1
41 53 1
42 53 1
42 49 1
42 52 1
42 47 1
43 47 1
43 50 1
44 45 1
44 50 1
44 48 1
44 51 1
45 48 1
46 53 1
46 47 1
46 54 1
47 52 1
48 51 1
48 53 1
48 52 1
48 50 1
49 53 1
50 52 1
52 54 1
