55
0 53 1
0 31 1
0 6 1
0 32 1
0 19 1
0 47 1
0 13 1
0 54 1
0 10 1
0 14 1
0 28 1
0 18 1
0 8 1
0 9 1
0 38 1
0 24 1
0 46 1
1 53 1
1 17 1
1 26 1
1 35 1
1 22 1
1 23 1
1 11 1
1 52 1
1 51 1
1 45 1
1 48 1
1 30 1
1 3 1
1 21 1
1 43 1
1 7 1
1 31 1
1 32 1
2 30 1
2 12 1
2 13 1
2 23 1
2 10 1
2 54 1
2 38 1
2 33 1
2 4 1
2 48 1
2 42 1
2 21 1
2 43 1
2 6 1
2 29 1
2 8 1
2 36 1
3 14 1
3 50 1
3 16 1
3 47 1
3 17 1
3 41 1
3 38 1
3 18 1
3 28 1
3 49 1
3 42 1
3 4 1
3 53 1
3 11 1
3 39 1
3 30 1
3 22 1
3 23 1
3 35 1
4 54 1
4 41 1
4 28 1
4 36 1
4 50 1
4 51 1
4 8 1
4 45 1
4 15 1
4 27 1
4 11 1
4 31 1
4 19 1
4 9 1
4 38 1
4 48 1
5 23 1
5 42 1
5 28 1
5 51 1
5 12 1
5 17 1
5 32 1
5 21 1
5 20 1
5 25 1
5 39 1
5 27 1
5 41 1
5 19 1
5 24 1
5 43 1
5 15 1
5 10 1
5 7 1
5 16 1
5 40 1
6 37 1
6 16 1
6 51 1
6 18 1
6 23 1
6 22 1
6 20 1
6 31 1
6 24 1
6 50 1
6 21 1
6 26 1
6 32 1
6 46 1
6 12 1
6 14 1
6 36 1
6 47 1
7 18 1
7 10 1
7 37 1
7 33 1
7 22 1
7 31 1
7 23 1
7 35 1
7 50 1
7 21 1
8 43 1
8 21 1
8 38 1
8 10 1
8 30 1
8 51 1
8 42 1
8 14 1
8 54 1
8 25 1
8 45 1
8 39 1
8 31 1
8 46 1
9 35 1
9 45 1
9 28 1
9 11 1
9 21 1
9 37 1
9 41 1
9 22 1
9 50 1
9 23 1
9 42 1
9 51 1
9 26 1
9 29 1
10 26 1
10 23 1
10 38 1
10 13 1
10 40 1
10 46 1
10 29 1
10 51 1
10 52 1
10 36 1
10 17 1
10 25 1
10 16 1
10 14 1
11 37 1
11 22 1
11 31 1
11 44 1
11 32 1
11 24 1
11 46 1
11 36 1
11 25 1
11 16 1
11 41 1
11 26 1
12 21 1
12 43 1
12 28 1
12 31 1
12 15 1
12 54 1
12 35 1
12 50 1
12 25 1
12 32 1
12 23 1
12 22 1
12 39 1
12 47 1
12 51 1
12 19 1
12 49 1
12 44 1
12 48 1
12 38 1
13 20 1
13 53 1
13 30 1
13 39 1
13 16 1
13 35 1
13 26 1
13 29 1
13 34 1
13 43 1
13 17 1
13 45 1
14 20 1
14 28 1
14 24 1
14 29 1
14 32 1
14 34 1
14 39 1
14 47 1
14 26 1
14 30 1
14 36 1
15 29 1
15 27 1
15 18 1
15 48 1
15 44 1
15 26 1
15 36 1
15 31 1
15 20 1
15 32 1
15 37 1
15 35 1
15 22 1
15 53 1
15 23 1
15 21 1
16 35 1
16 20 1
16 18 1
16 17 1
16 46 1
16 52 1
16 21 1
16 36 1
16 43 1
17 25 1
17 31 1
17 19 1
17 20 1
17 53 1
17 34 1
17 36 1
17 26 1
17 47 1
17 38 1
17 39 1
18 52 1
18 42 1
18 27 1
18 19 1
18 46 1
18 21 1
18 20 1
18 22 1
18 38 1
18 45 1
19 24 1
19 32 1
19 34 1
19 53 1
19 38 1
19 47 1
19 41 1
19 28 1
19 42 1
19 52 1
19 33 1
19 26 1
19 30 1
20 28 1
20 31 1
20 45 1
20 36 1
20 23 1
20 33 1
20 32 1
20 38 1
20 25 1
20 39 1
20 34 1
20 46 1
20 40 1
20 37 1
21 54 1
21 53 1
21 48 1
21 52 1
21 29 1
21 30 1
21 49 1
21 44 1
21 41 1
21 26 1
21 37 1
21 47 1
21 43 1
21 40 1
22 51 1
22 53 1
22 27 1
22 36 1
22 52 1
22 49 1
22 37 1
22 45 1
22 50 1
22 38 1
22 31 1
22 26 1
23 28 1
23 49 1
23 53 1
23 44 1
23 31 1
23 47 1
23 37 1
24 45 1
24 29 1
24 37 1
24 25 1
24 28 1
24 41 1
24 26 1
25 29 1
25 31 1
25 43 1
25 38 1
25 42 1
25 30 1
25 46 1
25 32 1
25 54 1
25 47 1
25 44 1
25 39 1
25 49 1
25 35 1
26 33 1
26 50 1
26 28 1
26 29 1
26 45 1
26 35 1
26 49 1
26 48 1
26 52 1
26 41 1
26 51 1
26 54 1
26 37 1
27 29 1
27 40 1
27 32 1
27 43 1
27 51 1
27 44 1
27 45 1
27 50 1
28 49 1
28 52 1
28 44 1
28 33 1
28 40 1
28 30 1
28 43 1
28 48 1
28 29 1
28 47 1
29 37 1
29 47 1
29 53 1
29 44 1
29 54 1
29 45 1
29 52 1
29 38 1
29 36 1
29 49 1
29 46 1
30 52 1
30 42 1
30 46 1
30 49 1
30 44 1
30 41 1
30 31 1
30 50 1
31 47 1
31 32 1
31 38 1
31 53 1
31 41 1
31 51 1
31 39 1
31 43 1
31 46 1
31 37 1
31 49 1
31 48 1
31 35 1
32 50 1
32 45 1
32 34 1
32 54 1
32 53 1
32 42 1
32 47 1
32 37 1
32 41 1
32 43 1
32 44 1
32 49 1
32 52 1
33 49 1
33 35 1
33 38 1
33 39 1
33 40 1
33 45 1
33 54 1
34 37 1
34 46 1
34 39 1
34 54 1
34 35 1
34 36 1
34 47 1
34 49 1
35 47 1
35 53 1
35 50 1
35 52 1
35 38 1
35 42 1
36 37 1
36 44 1
36 40 1
36 46 1
36 48 1
36 43 1
36 45 1
36 54 1
36 50 1
36 47 1
37 52 1
37 45 1
37 44 1
37 49 1
37 39 1
38 39 1
38 41 1
38 45 1
38 54 1
38 46 1
38 47 1
39 53 1
39 41 1
39 54 1
39 48 1
39 51 1
39 40 1
40 53 1
40 54 1
40 45 1
40 49 1
41 51 1
41 52 1
41 43 1
41 53 1
42 46 1
42 51 1
42 45 1
43 48 1
43 50 1
43 49 1
45 51 1
45 47 1
45 48 1
45 54 1
45 49 1
45 50 1
46 52 1
46 53 1
46 49 1
46 48 1
46 54 1
47 49 1
47 53 1
47 54 1
48 50 1
48 51 1
49 53 1
49 54 1
50 53 1
50 54 1
51 52 1
