55
0 40 1
0 33 1
0 17 1
0 30 1
0 24 1
0 50 1
0 21 1
0 37 1
0 25 1
0 39 1
0 44 1
0 46 1
0 13 1
0 48 1
0 32 1
0 29 1
0 53 1
0 28 1
0 22 1
0 43 1
0 19 1
0 38 1
0 23 1
0 7 1
1 54 1
1 18 1
1 31 1
1 10 1
1 53 1
1 26 1
1 35 1
1 9 1
1 17 1
1 32 1
1 6 1
1 37 1
1 43 1
2 5 1
2 50 1
2 17 1
2 49 1
2 19 1
2 6 1
2 7 1
2 11 1
2 12 1
2 31 1
2 35 1
2 44 1
2 48 1
2 15 1
2 28 1
2 42 1
2 47 1
3 37 1
3 42 1
3 32 1
3 10 1
3 6 1
3 11 1
3 49 1
3 12 1
3 15 1
3 23 1
3 43 1
3 34 1
3 27 1
3 45 1
3 54 1
3 41 1
3 14 1
3 38 1
3 7 1
3 51 1
3 17 1
4 45 1
4 52 1
4 50 1
4 33 1
4 11 1
4 15 1
4 10 1
4 34 1
4 8 1
4 47 1
4 20 1
4 14 1
4 53 1
4 49 1
4 31 1
4 17 1
4 13 1
4 26 1
4 16 1
5 33 1
5 30 1
5 39 1
5 17 1
5 19 1
5 51 1
5 54 1
5 25 1
5 18 1
5 45 1
5 50 1
5 49 1
5 29 1
6 12 1
6 33 1
6 52 1
6 46 1
6 28 1
6 40 1
6 39 1
6 10 1
6 47 1
6 22 1
6 13 1
6 44 1
6 51 1
6 25 1
6 7 1
6 41 1
6 15 1
6 50 1
6 54 1
7 29 1
7 50 1
7 15 1
7 40 1
7 36 1
7 42 1
7 44 1
7 10 1
7 18 1
7 37 1
7 30 1
7 16 1
7 34 1
7 21 1
8 35 1
8 53 1
8 28 1
8 36 1
8 10 1
8 52 1
8 54 1
8 37 1
8 38 1
8 32 1
8 46 1
8 43 1
8 42 1
8 29 1
8 9 1
8 30 1
9 23 1
9 19 1
9 53 1
9 45 1
9 36 1
9 14 1
9 30 1
9 40 1
9 10 1
9 31 1
9 18 1
9 32 1
9 34 1
9 16 1
9 44 1
9 29 1
9 43 1
10 38 1
10 35 1
10 19 1
10 37 1
10 43 1
10 18 1
10 32 1
10 26 1
10 47 1
10 23 1
10 14 1
10 16 1
10 40 1
10 49 1
11 53 1
11 31 1
11 30 1
11 15 1
11 36 1
11 27 1
11 34 1
11 25 1
11 38 1
11 33 1
11 43 1
11 29 1
11 37 1
11 14 1
11 19 1
11 49 1
11 48 1
11 50 1
12 45 1
12 42 1
12 24 1
12 20 1
12 48 1
12 36 1
12 16 1
12 27 1
12 49 1
12 19 1
12 41 1
12 26 1
12 54 1
12 14 1
12 51 1
13 30 1
13 52 1
13 32 1
13 35 1
13 27 1
13 45 1
13 23 1
13 43 1
13 38 1
14 50 1
14 35 1
14 30 1
14 21 1
14 51 1
14 19 1
14 32 1
14 36 1
14 38 1
14 22 1
14 47 1
14 41 1
15 22 1
15 44 1
15 35 1
15 16 1
15 26 1
15 29 1
15 33 1
15 53 1
15 17 1
15 19 1
15 40 1
15 42 1
15 47 1
15 30 1
16 28 1
16 48 1
16 27 1
16 47 1
16 26 1
16 20 1
16 35 1
16 39 1
16 34 1
16 46 1
16 25 1
16 21 1
16 37 1
17 40 1
17 30 1
17 42 1
17 25 1
17 33 1
17 20 1
17 49 1
17 36 1
17 32 1
17 50 1
17 28 1
17 21 1
17 37 1
17 27 1
17 19 1
17 52 1
17 18 1
17 43 1
17 47 1
17 31 1
17 35 1
18 51 1
18 45 1
18 31 1
18 20 1
18 53 1
18 26 1
18 28 1
18 42 1
18 38 1
18 40 1
18 30 1
18 47 1
18 49 1
18 50 1
18 19 1
18 37 1
18 44 1
18 35 1
19 50 1
19 26 1
19 53 1
19 52 1
19 22 1
19 24 1
19 38 1
19 46 1
19 54 1
19 36 1
19 47 1
19 39 1
19 41 1
19 29 1
19 30 1
19 32 1
19 40 1
19 34 1
20 37 1
20 30 1
20 54 1
20 50 1
20 48 1
20 34 1
20 40 1
20 42 1
20 36 1
20 49 1
20 47 1
21 51 1
21 38 1
21 22 1
21 34 1
21 40 1
21 33 1
21 32 1
21 35 1
22 29 1
22 25 1
22 31 1
22 39 1
22 23 1
22 32 1
22 26 1
22 33 1
22 40 1
22 41 1
22 37 1
23 41 1
23 42 1
23 26 1
23 33 1
23 32 1
23 45 1
23 24 1
23 36 1
23 44 1
23 48 1
24 48 1
24 37 1
24 54 1
24 43 1
24 29 1
25 38 1
25 46 1
25 42 1
25 31 1
25 34 1
25 30 1
25 47 1
25 40 1
26 46 1
26 49 1
26 41 1
26 31 1
26 38 1
26 44 1
26 39 1
26 40 1
26 34 1
26 30 1
26 32 1
26 45 1
26 43 1
27 43 1
27 44 1
27 42 1
27 28 1
27 32 1
27 45 1
27 50 1
27 47 1
27 34 1
28 39 1
28 47 1
28 49 1
28 33 1
28 38 1
28 44 1
28 43 1
28 53 1
28 36 1
28 32 1
29 35 1
29 34 1
29 30 1
29 49 1
29 32 1
29 47 1
29 44 1
29 52 1
30 36 1
30 44 1
30 52 1
31 47 1
31 39 1
31 49 1
31 41 1
31 38 1
31 54 1
32 40 1
32 37 1
32 34 1
32 44 1
32 52 1
32 42 1
32 41 1
32 39 1
32 49 1
32 54 1
33 52 1
33 41 1
33 54 1
33 44 1
33 47 1
33 38 1
33 51 1
33 46 1
34 37 1
34 45 1
34 43 1
34 53 1
34 35 1
34 38 1
35 39 1
35 50 1
35 41 1
35 49 1
35 47 1
35 37 1
36 38 1
36 39 1
36 41 1
36 52 1
37 53 1
37 43 1
37 39 1
37 40 1
37 44 1
37 47 1
38 42 1
38 49 1
38 45 1
38 40 1
38 50 1
39 45 1
39 43 1
39 47 1
39 50 1
39 52 1
40 53 1
40 48 1
40 51 1
40 54 1
40 45 1
41 49 1
41 44 1
41 47 1
41 46 1
41 53 1
41 48 1
42 50 1
42 44 1
42 45 1
43 44 1
43 50 1
43 53 1
43 54 1
44 54 1
44 49 1
44 52 1
44 48 1
44 47 1
44 50 1
45 48 1
45 51 1
46 49 1
46 50 1
47 50 1
47 49 1
48 53 1
48 51 1
48 54 1
48 52 1
48 49 1
49 52 1
49 54 1
49 53 1
50 51 1
50 53 1
52 53 1
53 54 1
