55
0 28 1
0 46 1
0 43 1
0 15 1
0 49 1
0 41 1
0 7 1
0 19 1
0 4 1
0 29 1
0 44 1
0 38 1
0 54 1
0 20 1
0 21 1
0 25 1
0 39 1
0 22 1
0 8 1
0 14 1
0 42 1
0 9 1
1 41 1
1 34 1
1 4 1
1 2 1
1 23 1
1 35 1
1 9 1
1 24 1
1 21 1
1 8 1
1 36 1
1 27 1
1 17 1
1 31 1
1 38 1
1 6 1
1 19 1
1 5 1
2 44 1
2 36 1
2 51 1
2 50 1
2 42 1
2 25 1
2 18 1
2 24 1
2 29 1
2 37 1
2 35 1
2 6 1
2 43 1
2 38 1
2 9 1
2 7 1
2 21 1
2 20 1
3 24 1
3 42 1
3 17 1
3 35 1
3 47 1
3 16 1
3 43 1
3 45 1
3 49 1
3 37 1
3 22 1
3 52 1
3 12 1
3 15 1
3 9 1
3 7 1
3 29 1
3 38 1
3 19 1
3 23 1
3 25 1
3 54 1
3 51 1
4 47 1
4 52 1
4 11 1
4 54 1
4 26 1
4 17 1
4 25 1
4 39 1
4 29 1
4 16 1
4 14 1
4 51 1
4 33 1
4 15 1
4 49 1
4 23 1
4 10 1
4 36 1
5 29 1
5 46 1
5 9 1
5 24 1
5 17 1
5 13 1
5 16 1
5 19 1
5 27 1
5 8 1
5 53 1
5 38 1
5 32 1
5 28 1
5 15 1
5 7 1
5 36 1
6 36 1
6 20 1
6 10 1
6 12 1
6 15 1
6 45 1
6 18 1
6 34 1
6 23 1
6 17 1
6 41 1
6 31 1
6 43 1
6 49 1
6 27 1
6 52 1
6 11 1
6 51 1
6 24 1
6 38 1
6 48 1
7 18 1
7 29 1
7 40 1
7 20 1
7 39 1
7 48 1
7 26 1
7 36 1
7 44 1
7 32 1
7 50 1
7 53 1
7 21 1
7 10 1
7 33 1
7 27 1
7 9 1
8 16 1
8 10 1
8 25 1
8 23 1
8 18 1
8 52 1
8 29 1
8 54 1
8 31 1
8 42 1
8 34 1
8 21 1
8 47 1
8 50 1
8 36 1
8 32 1
8 51 1
8 9 1
8 46 1
8 22 1
9 42 1
9 24 1
9 23 1
9 20 1
9 26 1
9 39 1
9 48 1
9 51 1
9 31 1
9 17 1
9 37 1
9 30 1
9 41 1
9 11 1
9 25 1
9 45 1
10 19 1
10 23 1
10 48 1
10 41 1
10 35 1
10 25 1
10 13 1
10 42 1
10 38 1
10 29 1
10 36 1
10 14 1
10 27 1
10 31 1
10 45 1
10 52 1
11 35 1
11 46 1
11 22 1
11 41 1
11 43 1
11 25 1
11 14 1
11 24 1
11 20 1
11 21 1
11 18 1
11 29 1
11 48 1
11 30 1
11 52 1
12 49 1
12 23 1
12 48 1
12 44 1
12 25 1
12 22 1
12 30 1
12 32 1
12 20 1
12 13 1
12 38 1
12 34 1
12 27 1
13 14 1
13 54 1
13 19 1
13 45 1
13 24 1
13 34 1
13 38 1
13 36 1
13 16 1
13 35 1
13 21 1
13 46 1
13 43 1
14 38 1
14 45 1
14 22 1
14 46 1
14 42 1
14 50 1
14 25 1
14 53 1
14 30 1
14 54 1
14 37 1
15 43 1
15 31 1
15 51 1
15 47 1
15 28 1
15 23 1
15 49 1
15 33 1
15 27 1
15 20 1
15 52 1
15 19 1
15 44 1
16 34 1
16 21 1
16 19 1
16 48 1
16 51 1
16 25 1
16 52 1
16 40 1
16 45 1
16 35 1
16 33 1
17 54 1
17 20 1
17 27 1
17 22 1
17 37 1
17 52 1
17 47 1
17 26 1
17 30 1
17 53 1
18 44 1
18 34 1
18 19 1
18 49 1
18 27 1
18 39 1
18 30 1
18 40 1
19 52 1
19 53 1
19 37 1
19 30 1
19 44 1
19 32 1
19 24 1
19 27 1
19 50 1
19 28 1
19 39 1
19 36 1
19 46 1
19 22 1
19 31 1
20 44 1
20 29 1
20 51 1
20 36 1
20 38 1
20 41 1
20 54 1
20 23 1
20 34 1
20 30 1
20 31 1
21 27 1
21 37 1
21 23 1
21 32 1
21 35 1
21 52 1
21 24 1
21 25 1
21 42 1
21 43 1
21 48 1
21 46 1
21 53 1
22 25 1
22 28 1
22 52 1
22 49 1
22 44 1
22 27 1
22 46 1
22 23 1
22 29 1
22 35 1
23 37 1
23 41 1
23 52 1
23 45 1
23 43 1
23 44 1
23 38 1
23 28 1
23 51 1
23 33 1
23 46 1
23 54 1
23 39 1
24 47 1
24 38 1
24 37 1
24 51 1
24 43 1
24 42 1
24 25 1
24 44 1
24 40 1
24 39 1
25 36 1
25 29 1
25 34 1
25 32 1
25 31 1
25 27 1
25 51 1
25 35 1
26 42 1
26 45 1
26 46 1
26 51 1
26 47 1
26 52 1
26 40 1
26 50 1
26 27 1
27 44 1
27 30 1
27 50 1
27 43 1
27 42 1
27 41 1
27 54 1
27 35 1
28 31 1
28 42 1
28 52 1
28 41 1
28 54 1
28 29 1
28 33 1
28 32 1
28 35 1
28 49 1
28 46 1
29 48 1
29 33 1
29 30 1
29 40 1
29 51 1
29 43 1
29 54 1
29 35 1
29 38 1
29 34 1
30 33 1
30 52 1
30 35 1
30 54 1
30 39 1
30 43 1
30 50 1
30 42 1
30 49 1
30 31 1
30 36 1
31 46 1
31 47 1
31 53 1
31 49 1
31 50 1
31 54 1
31 40 1
31 51 1
31 48 1
31 39 1
32 46 1
32 39 1
33 39 1
33 51 1
33 36 1
33 47 1
33 42 1
34 47 1
34 36 1
34 38 1
34 41 1
34 39 1
34 53 1
34 46 1
34 49 1
34 51 1
34 43 1
34 45 1
35 45 1
35 36 1
35 37 1
35 40 1
35 54 1
36 52 1
36 50 1
36 54 1
36 40 1
36 48 1
36 44 1
36 45 1
36 42 1
37 52 1
37 43 1
37 45 1
37 38 1
37 50 1
37 40 1
37 48 1
37 49 1
37 44 1
38 46 1
38 47 1
38 41 1
38 39 1
39 40 1
39 54 1
39 48 1
39 44 1
40 48 1
40 53 1
40 46 1
41 43 1
41 42 1
41 46 1
41 48 1
42 43 1
42 47 1
42 53 1
43 44 1
44 50 1
44 51 1
44 48 1
45 50 1
45 54 1
45 51 1
45 48 1
46 53 1
46 48 1
46 54 1
47 50 1
47 52 1
47 51 1
49 51 1
49 52 1
49 53 1
49 50 1
50 53 1
51 54 1
51 52 1
53 54 1
