55
0 17 1
0 14 1
0 22 1
0 32 1
0 18 1
0 21 1
0 46 1
0 35 1
0 30 1
0 28 1
0 7 1
0 43 1
0 48 1
0 6 1
0 20 1
0 5 1
0 39 1
0 45 1
0 26 1
0 41 1
0 37 1
0 16 1
1 10 1
1 25 1
1 37 1
1 18 1
1 27 1
1 16 1
1 54 1
1 20 1
1 4 1
1 31 1
1 15 1
1 39 1
1 43 1
1 32 1
1 13 1
1 34 1
1 21 1
2 7 1
2 31 1
2 43 1
2 52 1
2 27 1
2 40 1
2 48 1
2 49 1
2 6 1
2 28 1
2 9 1
2 17 1
2 29 1
2 42 1
2 53 1
2 16 1
2 22 1
2 11 1
2 39 1
2 21 1
3 43 1
3 14 1
3 8 1
3 5 1
3 10 1
3 16 1
3 38 1
3 50 1
3 12 1
3 49 1
3 41 1
3 34 1
3 9 1
3 36 1
3 4 1
3 35 1
3 53 1
4 18 1
4 31 1
4 29 1
4 12 1
4 42 1
4 14 1
4 17 1
4 46 1
4 20 1
4 13 1
4 36 1
4 37 1
4 5 1
4 22 1
4 32 1
4 47 1
4 26 1
4 48 1
4 9 1
4 30 1
4 27 1
4 10 1
5 43 1
5 15 1
5 11 1
5 24 1
5 51 1
5 20 1
5 53 1
5 37 1
5 17 1
5 45 1
5 41 1
5 29 1
5 16 1
5 44 1
6 33 1
6 51 1
6 8 1
6 20 1
6 34 1
6 39 1
6 10 1
6 12 1
6 42 1
6 22 1
6 54 1
6 21 1
6 30 1
6 35 1
6 40 1
6 17 1
6 32 1
6 52 1
7 13 1
7 24 1
7 17 1
7 21 1
7 46 1
7 53 1
7 47 1
7 32 1
7 29 1
7 35 1
7 50 1
7 9 1
7 25 1
8 9 1
8 16 1
8 18 1
8 24 1
8 12 1
8 54 1
8 21 1
8 34 1
8 25 1
8 41 1
8 13 1
8 51 1
8 50 1
8 17 1
8 53 1
8 22 1
8 36 1
8 37 1
9 40 1
9 39 1
9 25 1
9 38 1
9 45 1
9 12 1
9 33 1
9 22 1
9 34 1
9 35 1
9 53 1
9 29 1
9 18 1
9 27 1
10 17 1
10 27 1
10 15 1
10 12 1
10 52 1
10 31 1
10 47 1
10 18 1
10 33 1
10 42 1
10 22 1
10 53 1
10 43 1
10 23 1
10 24 1
10 35 1
10 14 1
11 47 1
11 50 1
11 29 1
11 54 1
11 52 1
11 53 1
11 45 1
11 28 1
11 32 1
11 49 1
11 43 1
11 31 1
11 27 1
11 42 1
11 41 1
11 22 1
11 15 1
12 27 1
12 48 1
12 49 1
12 13 1
12 35 1
12 31 1
12 43 1
12 20 1
12 16 1
12 28 1
12 36 1
12 54 1
12 25 1
12 23 1
12 40 1
12 33 1
12 53 1
12 51 1
12 34 1
12 39 1
12 47 1
13 43 1
13 26 1
13 29 1
13 40 1
13 44 1
13 49 1
13 54 1
13 28 1
13 30 1
13 31 1
13 21 1
13 34 1
13 48 1
13 53 1
13 51 1
14 48 1
14 45 1
14 26 1
14 34 1
14 53 1
14 21 1
14 28 1
14 33 1
14 54 1
14 17 1
14 46 1
14 47 1
14 51 1
14 40 1
14 24 1
15 52 1
15 16 1
15 21 1
15 51 1
15 47 1
15 53 1
15 39 1
15 27 1
15 48 1
15 38 1
16 28 1
16 36 1
16 32 1
16 26 1
16 43 1
16 23 1
16 47 1
16 41 1
16 29 1
16 44 1
16 45 1
16 54 1
16 53 1
16 24 1
17 28 1
17 22 1
17 46 1
17 33 1
17 19 1
17 29 1
17 50 1
17 18 1
17 51 1
17 23 1
17 41 1
17 49 1
17 26 1
17 25 1
18 27 1
18 52 1
18 34 1
18 21 1
18 53 1
18 24 1
18 22 1
18 23 1
18 28 1
18 50 1
18 25 1
18 19 1
18 32 1
18 49 1
18 48 1
18 31 1
18 26 1
19 49 1
19 47 1
19 51 1
19 53 1
19 36 1
19 48 1
19 29 1
19 27 1
19 50 1
19 28 1
19 25 1
20 50 1
20 44 1
20 43 1
20 27 1
20 39 1
20 38 1
20 52 1
20 26 1
20 47 1
20 22 1
21 46 1
21 52 1
21 49 1
21 43 1
21 36 1
21 25 1
21 42 1
21 29 1
21 30 1
22 36 1
22 34 1
22 24 1
22 27 1
23 48 1
23 34 1
23 45 1
23 41 1
23 44 1
23 54 1
23 50 1
23 36 1
23 27 1
23 43 1
24 39 1
24 52 1
24 40 1
24 25 1
24 35 1
24 28 1
24 34 1
24 29 1
24 47 1
24 46 1
24 45 1
24 38 1
24 37 1
24 36 1
24 31 1
24 51 1
25 42 1
25 51 1
25 28 1
25 37 1
25 43 1
25 26 1
26 34 1
26 29 1
26 47 1
26 53 1
26 40 1
26 39 1
26 28 1
26 35 1
26 51 1
26 36 1
26 48 1
26 32 1
26 31 1
26 42 1
26 45 1
26 54 1
26 38 1
27 54 1
27 38 1
27 42 1
27 37 1
27 45 1
27 44 1
27 41 1
27 40 1
27 43 1
27 36 1
27 39 1
27 32 1
28 53 1
28 50 1
28 45 1
28 48 1
28 32 1
28 47 1
28 36 1
28 54 1
28 49 1
29 54 1
29 41 1
29 30 1
29 38 1
29 40 1
29 52 1
29 33 1
29 45 1
29 31 1
30 35 1
30 44 1
30 52 1
30 39 1
30 47 1
30 51 1
30 40 1
30 50 1
30 49 1
30 46 1
30 41 1
31 46 1
31 32 1
32 53 1
32 34 1
32 36 1
32 39 1
33 36 1
33 41 1
33 44 1
33 43 1
34 37 1
34 41 1
34 54 1
34 39 1
34 49 1
34 44 1
34 43 1
34 47 1
34 46 1
34 35 1
35 44 1
35 37 1
35 39 1
35 41 1
36 46 1
36 42 1
36 49 1
36 52 1
36 41 1
36 47 1
36 50 1
36 39 1
37 39 1
37 49 1
37 47 1
37 44 1
37 45 1
37 38 1
37 43 1
37 42 1
37 54 1
37 40 1
38 42 1
38 50 1
38 51 1
38 41 1
38 39 1
38 40 1
39 49 1
39 52 1
39 40 1
39 46 1
39 45 1
40 44 1
40 49 1
41 44 1
41 46 1
41 49 1
41 53 1
41 43 1
42 47 1
42 43 1
42 44 1
43 49 1
43 45 1
43 53 1
44 52 1
44 50 1
45 53 1
45 52 1
46 48 1
46 50 1
46 51 1
47 48 1
47 50 1
48 52 1
48 51 1
48 49 1
49 51 1
49 50 1
