55
0 20 1
0 37 1
0 35 1
0 19 1
0 52 1
0 25 1
0 3 1
0 10 1
0 31 1
0 4 1
0 30 1
0 2 1
0 42 1
0 36 1
0 21 1
0 44 1
0 38 1
0 1 1
0 16 1
1 9 1
1 13 1
1 35 1
1 22 1
1 3 1
1 28 1
1 52 1
1 17 1
1 54 1
1 41 1
1 19 1
1 40 1
1 10 1
1 46 1
1 11 1
1 33 1
1 48 1
1 4 1
1 16 1
1 32 1
1 50 1
1 47 1
1 45 1
1 49 1
2 26 1
2 4 1
2 21 1
2 20 1
2 5 1
2 10 1
2 53 1
2 12 1
2 16 1
2 24 1
2 36 1
2 33 1
2 6 1
2 34 1
2 37 1
2 11 1
2 54 1
2 17 1
2 3 1
2 18 1
2 13 1
2 44 1
2 51 1
3 34 1
3 32 1
3 23 1
3 13 1
3 24 1
3 7 1
3 35 1
3 51 1
3 54 1
3 39 1
3 21 1
3 6 1
3 28 1
3 37 1
3 33 1
3 5 1
3 53 1
4 43 1
4 31 1
4 37 1
4 7 1
4 9 1
4 48 1
4 12 1
4 28 1
4 6 1
4 44 1
4 18 1
4 53 1
4 20 1
4 46 1
4 54 1
4 49 1
4 52 1
4 30 1
4 13 1
4 11 1
5 19 1
5 40 1
5 9 1
5 8 1
5 17 1
5 14 1
5 43 1
5 36 1
5 10 1
5 45 1
5 49 1
5 35 1
5 27 1
5 6 1
5 41 1
5 33 1
5 46 1
5 28 1
5 34 1
5 37 1
5 22 1
5 25 1
5 44 1
5 11 1
5 26 1
6 27 1
6 39 1
6 20 1
6 44 1
6 14 1
6 47 1
6 46 1
6 30 1
6 16 1
6 50 1
6 7 1
6 12 1
6 53 1
6 35 1
6 8 1
6 33 1
6 43 1
6 42 1
7 28 1
7 42 1
7 29 1
7 16 1
7 26 1
7 27 1
7 22 1
7 47 1
7 14 1
7 46 1
7 51 1
7 53 1
7 39 1
7 21 1
7 8 1
7 40 1
7 36 1
7 10 1
8 47 1
8 11 1
8 21 1
8 27 1
8 31 1
8 45 1
8 34 1
8 39 1
8 36 1
8 28 1
8 46 1
8 24 1
8 52 1
8 37 1
8 10 1
8 26 1
8 12 1
8 9 1
8 48 1
9 20 1
9 21 1
9 10 1
9 44 1
9 14 1
9 26 1
9 23 1
9 11 1
9 24 1
9 43 1
9 13 1
9 47 1
9 45 1
9 31 1
9 16 1
9 37 1
9 15 1
9 41 1
9 17 1
10 18 1
10 15 1
10 25 1
10 50 1
10 38 1
10 40 1
10 46 1
10 39 1
10 22 1
10 41 1
10 13 1
10 54 1
10 21 1
11 21 1
11 46 1
11 43 1
11 38 1
11 30 1
11 33 1
11 16 1
11 36 1
11 29 1
11 32 1
12 24 1
12 33 1
12 39 1
12 37 1
12 38 1
12 46 1
12 36 1
12 22 1
12 34 1
13 46 1
13 40 1
13 53 1
13 51 1
13 25 1
13 42 1
13 49 1
13 39 1
13 50 1
13 23 1
13 20 1
13 37 1
13 15 1
13 54 1
13 24 1
13 14 1
13 47 1
13 22 1
13 26 1
13 35 1
13 34 1
13 43 1
14 40 1
14 51 1
14 52 1
14 43 1
14 20 1
14 36 1
14 23 1
14 32 1
14 15 1
15 47 1
15 17 1
15 28 1
15 34 1
15 42 1
15 19 1
15 54 1
15 50 1
15 45 1
15 33 1
15 18 1
16 54 1
16 28 1
16 44 1
16 20 1
16 47 1
17 38 1
17 27 1
17 47 1
17 48 1
17 19 1
17 42 1
17 49 1
17 30 1
17 23 1
17 39 1
18 34 1
18 52 1
18 40 1
18 33 1
18 32 1
18 35 1
18 21 1
18 26 1
18 23 1
18 48 1
18 49 1
18 46 1
19 22 1
19 36 1
19 54 1
19 53 1
19 45 1
19 52 1
19 27 1
19 39 1
19 20 1
19 50 1
19 32 1
20 37 1
20 39 1
20 31 1
20 50 1
20 34 1
20 52 1
20 46 1
20 49 1
20 41 1
20 35 1
20 47 1
20 26 1
20 29 1
21 52 1
21 32 1
21 27 1
21 43 1
21 35 1
21 46 1
21 23 1
21 42 1
21 44 1
21 38 1
21 34 1
21 39 1
21 30 1
22 43 1
22 31 1
22 40 1
22 53 1
22 29 1
22 48 1
22 28 1
22 34 1
22 27 1
22 35 1
22 26 1
22 44 1
22 30 1
23 54 1
23 26 1
23 25 1
23 28 1
23 29 1
23 27 1
23 48 1
23 42 1
23 30 1
23 38 1
24 28 1
24 35 1
24 46 1
24 40 1
24 39 1
24 36 1
24 42 1
24 44 1
24 31 1
25 36 1
25 31 1
25 49 1
25 26 1
25 40 1
25 34 1
25 27 1
25 50 1
25 42 1
25 39 1
26 33 1
26 49 1
26 36 1
26 27 1
26 42 1
26 37 1
26 29 1
26 35 1
26 47 1
26 38 1
26 28 1
27 50 1
27 51 1
27 35 1
27 29 1
27 48 1
27 37 1
27 38 1
27 54 1
27 36 1
27 40 1
28 49 1
28 38 1
28 33 1
28 44 1
28 32 1
28 29 1
28 54 1
28 46 1
28 35 1
28 39 1
28 34 1
29 43 1
29 47 1
29 34 1
29 50 1
29 37 1
29 41 1
29 30 1
29 45 1
29 44 1
30 53 1
30 49 1
30 52 1
30 51 1
31 51 1
31 48 1
31 42 1
31 53 1
31 54 1
31 36 1
31 52 1
31 39 1
32 34 1
32 49 1
32 50 1
32 41 1
32 44 1
32 45 1
32 35 1
32 42 1
32 46 1
32 48 1
33 37 1
33 44 1
33 53 1
33 41 1
33 48 1
33 42 1
33 46 1
33 35 1
34 39 1
34 43 1
34 40 1
34 48 1
34 52 1
34 44 1
35 44 1
35 50 1
35 45 1
35 41 1
36 43 1
36 47 1
36 51 1
36 41 1
36 54 1
36 38 1
36 40 1
37 50 1
37 48 1
37 52 1
37 54 1
37 39 1
37 47 1
38 51 1
38 53 1
38 46 1
38 40 1
39 42 1
39 54 1
39 40 1
39 46 1
39 45 1
39 53 1
39 49 1
39 52 1
40 49 1
40 50 1
40 47 1
40 41 1
40 52 1
41 53 1
41 45 1
41 44 1
41 50 1
42 44 1
43 44 1
43 50 1
43 48 1
43 53 1
44 50 1
44 51 1
44 52 1
44 45 1
45 46 1
45 50 1
46 54 1
46 50 1
46 52 1
47 50 1
47 51 1
49 51 1
49 53 1
49 50 1
51 54 1
51 52 1
53 54 1
