55
0 22 1
0 5 1
0 54 1
0 7 1
0 15 1
0 45 1
0 6 1
0 18 1
0 43 1
0 10 1
0 37 1
0 8 1
0 35 1
0 46 1
0 14 1
0 50 1
0 38 1
0 51 1
1 38 1
1 42 1
1 18 1
1 3 1
1 14 1
1 19 1
1 10 1
1 29 1
1 16 1
1 48 1
1 13 1
1 43 1
1 28 1
1 37 1
1 21 1
1 53 1
1 15 1
1 47 1
1 41 1
2 49 1
2 46 1
2 38 1
2 33 1
2 54 1
2 48 1
2 47 1
2 6 1
2 14 1
2 32 1
2 40 1
2 26 1
2 15 1
2 45 1
2 28 1
2 19 1
2 27 1
2 16 1
3 50 1
3 31 1
3 45 1
3 25 1
3 51 1
3 21 1
3 6 1
3 17 1
3 26 1
3 39 1
3 44 1
3 34 1
3 32 1
3 12 1
3 8 1
3 9 1
3 7 1
3 24 1
3 22 1
3 46 1
3 19 1
3 35 1
3 5 1
3 41 1
3 18 1
4 43 1
4 16 1
4 44 1
4 17 1
4 45 1
4 11 1
4 48 1
4 42 1
4 18 1
4 54 1
4 10 1
4 19 1
4 40 1
4 33 1
4 34 1
4 13 1
4 8 1
5 34 1
5 40 1
5 7 1
5 33 1
5 12 1
5 25 1
5 45 1
5 48 1
5 6 1
5 35 1
5 13 1
5 26 1
5 28 1
5 16 1
5 42 1
5 19 1
5 37 1
6 25 1
6 41 1
6 54 1
6 34 1
6 7 1
6 38 1
6 50 1
6 40 1
6 48 1
6 12 1
6 8 1
6 42 1
6 28 1
6 29 1
6 35 1
7 41 1
7 19 1
7 52 1
7 10 1
7 17 1
7 24 1
7 29 1
7 13 1
7 54 1
7 36 1
7 25 1
7 46 1
7 33 1
7 48 1
8 9 1
8 50 1
8 18 1
8 41 1
8 16 1
8 40 1
8 31 1
8 30 1
8 24 1
8 49 1
8 34 1
8 25 1
8 19 1
8 10 1
8 28 1
8 46 1
9 34 1
9 22 1
9 15 1
9 50 1
9 54 1
9 27 1
9 29 1
9 17 1
9 42 1
9 48 1
10 45 1
10 21 1
10 39 1
10 35 1
10 18 1
10 28 1
10 47 1
10 23 1
10 24 1
10 17 1
10 49 1
10 34 1
10 30 1
10 42 1
10 12 1
10 32 1
10 29 1
10 37 1
10 11 1
11 41 1
11 51 1
11 30 1
11 27 1
11 35 1
11 22 1
11 37 1
11 14 1
11 26 1
11 25 1
11 20 1
11 29 1
11 21 1
11 19 1
11 16 1
11 46 1
11 34 1
12 54 1
12 20 1
12 46 1
12 47 1
12 22 1
12 16 1
12 41 1
12 36 1
12 29 1
12 33 1
12 34 1
12 37 1
12 30 1
12 48 1
13 20 1
13 16 1
13 25 1
13 36 1
13 40 1
13 43 1
13 35 1
13 41 1
13 48 1
13 30 1
13 17 1
13 46 1
13 34 1
13 52 1
13 54 1
14 53 1
14 52 1
14 41 1
14 31 1
14 49 1
14 24 1
14 44 1
14 38 1
14 17 1
14 30 1
14 33 1
14 29 1
15 38 1
15 45 1
15 31 1
15 48 1
15 35 1
15 32 1
15 39 1
16 25 1
16 21 1
16 48 1
16 22 1
16 49 1
16 38 1
16 19 1
16 51 1
16 45 1
16 40 1
16 27 1
16 31 1
17 20 1
17 38 1
17 54 1
17 23 1
17 25 1
17 50 1
17 35 1
17 30 1
17 48 1
17 43 1
17 31 1
17 39 1
17 18 1
18 42 1
18 30 1
18 22 1
18 19 1
18 33 1
18 20 1
18 44 1
18 43 1
18 21 1
18 36 1
18 47 1
18 23 1
18 34 1
18 39 1
18 29 1
18 49 1
19 28 1
19 30 1
19 23 1
19 45 1
19 37 1
19 29 1
19 36 1
19 44 1
19 31 1
19 40 1
19 35 1
19 47 1
20 44 1
20 28 1
20 27 1
20 40 1
20 37 1
20 50 1
20 29 1
20 48 1
20 42 1
20 30 1
20 35 1
21 23 1
21 37 1
21 40 1
21 45 1
21 26 1
21 51 1
21 29 1
21 24 1
21 27 1
21 34 1
21 31 1
21 48 1
22 50 1
22 45 1
22 33 1
22 29 1
22 34 1
22 41 1
22 31 1
22 51 1
22 36 1
22 53 1
23 24 1
23 28 1
23 29 1
23 50 1
23 42 1
23 53 1
23 48 1
23 32 1
23 33 1
23 54 1
23 25 1
23 40 1
23 34 1
24 48 1
24 47 1
24 42 1
24 50 1
24 34 1
24 36 1
24 37 1
24 32 1
24 54 1
24 26 1
24 46 1
25 44 1
25 53 1
25 54 1
25 43 1
25 37 1
25 29 1
25 40 1
25 30 1
26 38 1
26 43 1
26 47 1
26 37 1
26 52 1
26 39 1
26 42 1
26 35 1
26 33 1
27 28 1
27 41 1
27 42 1
27 48 1
27 54 1
27 38 1
27 33 1
27 30 1
27 45 1
28 36 1
28 31 1
28 52 1
28 39 1
28 37 1
28 50 1
28 34 1
28 35 1
28 40 1
28 49 1
28 44 1
29 41 1
29 52 1
29 40 1
29 32 1
29 38 1
29 36 1
29 42 1
29 49 1
29 53 1
30 33 1
30 51 1
30 35 1
30 39 1
30 54 1
30 32 1
30 36 1
30 31 1
30 43 1
30 47 1
31 46 1
31 33 1
31 48 1
31 35 1
31 50 1
31 37 1
31 41 1
31 45 1
31 47 1
32 54 1
32 39 1
32 53 1
32 48 1
32 51 1
32 37 1
32 44 1
33 48 1
33 40 1
33 51 1
33 34 1
33 35 1
33 38 1
33 53 1
33 41 1
33 52 1
34 37 1
34 49 1
34 39 1
34 41 1
34 52 1
34 53 1
34 40 1
34 50 1
34 48 1
35 54 1
35 45 1
35 40 1
35 43 1
35 44 1
35 51 1
35 53 1
35 36 1
36 43 1
36 52 1
36 46 1
36 53 1
36 37 1
37 39 1
37 51 1
37 41 1
37 40 1
37 52 1
38 50 1
38 48 1
38 44 1
38 40 1
38 42 1
38 54 1
39 48 1
39 54 1
40 54 1
40 53 1
40 46 1
40 49 1
40 45 1
40 42 1
40 52 1
41 44 1
41 54 1
41 48 1
41 53 1
41 51 1
41 52 1
42 50 1
42 48 1
42 45 1
42 51 1
43 50 1
43 49 1
43 46 1
43 44 1
43 48 1
43 51 1
44 50 1
44 47 1
44 51 1
45 52 1
45 47 1
45 46 1
46 51 1
46 49 1
47 54 1
48 49 1
48 52 1
49 53 1
49 54 1
50 52 1
51 53 1
51 52 1
52 54 1
