55
0 37 1
0 33 1
0 41 1
0 17 1
0 34 1
0 42 1
0 36 1
0 54 1
0 18 1
0 14 1
0 21 1
0 19 1
0 11 1
0 39 1
0 47 1
0 43 1
0 46 1
0 13 1
0 51 1
0 16 1
0 4 1
0 22 1
0 45 1
1 29 1
1 36 1
1 3 1
1 12 1
1 48 1
1 41 1
1 40 1
1 2 1
1 24 1
1 16 1
1 19 1
1 46 1
1 31 1
1 13 1
1 22 1
1 42 1
1 21 1
2 11 1
2 33 1
2 52 1
2 23 1
2 4 1
2 28 1
2 38 1
2 7 1
2 19 1
2 22 1
2 54 1
2 17 1
2 49 1
2 14 1
3 41 1
3 47 1
3 19 1
3 43 1
3 13 1
3 5 1
3 11 1
3 30 1
3 9 1
3 45 1
3 15 1
3 42 1
3 37 1
3 29 1
4 36 1
4 40 1
4 54 1
4 19 1
4 8 1
4 20 1
4 31 1
4 18 1
4 14 1
4 51 1
4 25 1
4 7 1
4 24 1
4 21 1
4 32 1
4 44 1
5 47 1
5 19 1
5 25 1
5 30 1
5 29 1
5 45 1
5 54 1
5 33 1
5 23 1
5 41 1
5 34 1
5 14 1
5 24 1
5 27 1
5 16 1
5 53 1
5 15 1
5 17 1
6 46 1
6 40 1
6 35 1
6 44 1
6 21 1
6 10 1
6 25 1
6 53 1
6 37 1
6 16 1
6 49 1
6 30 1
6 31 1
6 19 1
6 42 1
6 34 1
6 43 1
6 28 1
7 40 1
7 38 1
7 44 1
7 24 1
7 8 1
7 45 1
7 30 1
7 33 1
7 43 1
7 13 1
7 36 1
7 9 1
7 51 1
7 34 1
7 49 1
7 29 1
8 33 1
8 35 1
8 12 1
8 21 1
8 49 1
8 29 1
8 9 1
8 52 1
8 13 1
8 50 1
8 11 1
8 31 1
8 24 1
8 23 1
8 27 1
8 19 1
8 32 1
8 40 1
8 30 1
9 33 1
9 21 1
9 26 1
9 22 1
9 13 1
9 49 1
9 27 1
9 41 1
9 23 1
9 16 1
9 24 1
9 10 1
9 53 1
9 34 1
9 25 1
9 30 1
9 18 1
9 47 1
9 37 1
9 35 1
9 36 1
9 54 1
9 40 1
10 52 1
10 50 1
10 53 1
10 40 1
10 15 1
10 12 1
10 37 1
10 39 1
10 20 1
10 27 1
10 29 1
10 38 1
11 37 1
11 43 1
11 35 1
11 54 1
11 19 1
11 39 1
11 52 1
11 22 1
11 20 1
11 38 1
11 33 1
11 28 1
11 13 1
11 16 1
11 23 1
11 40 1
12 27 1
12 22 1
12 30 1
12 51 1
12 44 1
12 18 1
12 37 1
12 39 1
12 31 1
12 33 1
12 54 1
12 25 1
12 53 1
12 32 1
13 17 1
13 48 1
13 21 1
13 26 1
13 19 1
13 35 1
13 32 1
13 47 1
13 43 1
13 33 1
13 34 1
13 45 1
14 27 1
14 35 1
14 52 1
14 15 1
14 31 1
14 28 1
14 33 1
14 38 1
14 45 1
14 16 1
14 44 1
14 41 1
14 22 1
14 42 1
14 51 1
15 36 1
15 42 1
15 35 1
15 23 1
15 44 1
15 49 1
15 21 1
15 50 1
15 34 1
15 41 1
15 18 1
15 38 1
16 34 1
16 44 1
16 52 1
16 39 1
16 35 1
16 29 1
16 40 1
16 30 1
16 17 1
16 27 1
16 23 1
16 22 1
17 39 1
17 19 1
17 53 1
17 54 1
17 33 1
17 50 1
17 45 1
17 51 1
17 38 1
17 49 1
17 24 1
17 29 1
17 30 1
17 26 1
18 21 1
18 26 1
18 30 1
18 49 1
18 46 1
18 31 1
18 22 1
18 45 1
18 29 1
18 38 1
18 52 1
18 35 1
18 50 1
19 25 1
19 43 1
19 41 1
19 48 1
19 45 1
19 53 1
19 47 1
19 44 1
19 23 1
19 35 1
19 33 1
19 39 1
19 54 1
19 46 1
19 28 1
19 30 1
19 32 1
20 42 1
20 52 1
20 34 1
20 28 1
20 38 1
20 37 1
20 53 1
20 32 1
20 51 1
20 23 1
20 54 1
21 42 1
21 23 1
21 54 1
21 26 1
21 43 1
21 51 1
21 31 1
21 40 1
21 48 1
21 44 1
21 53 1
22 49 1
22 33 1
22 39 1
22 51 1
22 36 1
22 46 1
22 50 1
22 44 1
22 48 1
23 49 1
23 31 1
23 45 1
23 40 1
23 37 1
23 30 1
23 44 1
23 36 1
23 38 1
24 44 1
24 39 1
24 34 1
24 31 1
24 45 1
24 47 1
24 28 1
24 50 1
25 47 1
25 30 1
25 52 1
25 37 1
25 50 1
25 39 1
25 44 1
25 40 1
26 37 1
26 36 1
26 31 1
26 46 1
26 48 1
26 52 1
26 40 1
26 42 1
26 51 1
26 29 1
26 43 1
26 34 1
26 41 1
27 34 1
27 39 1
27 47 1
27 43 1
27 53 1
28 43 1
28 36 1
28 53 1
28 50 1
28 51 1
28 46 1
28 44 1
28 37 1
28 48 1
28 47 1
28 32 1
28 33 1
28 29 1
29 37 1
29 53 1
29 33 1
29 32 1
29 30 1
29 42 1
29 50 1
29 43 1
29 38 1
30 37 1
30 31 1
30 45 1
30 52 1
30 49 1
30 51 1
30 44 1
30 50 1
31 41 1
31 37 1
31 48 1
31 51 1
31 49 1
31 46 1
31 34 1
31 43 1
31 40 1
32 47 1
32 43 1
32 38 1
32 40 1
32 33 1
32 48 1
33 48 1
33 41 1
33 40 1
33 47 1
33 42 1
33 36 1
33 54 1
33 38 1
33 46 1
33 34 1
33 49 1
34 52 1
34 42 1
34 41 1
34 43 1
34 48 1
34 45 1
34 50 1
34 47 1
34 35 1
35 51 1
35 41 1
35 45 1
35 52 1
35 47 1
35 49 1
35 39 1
35 44 1
36 43 1
36 54 1
36 50 1
36 40 1
36 46 1
37 51 1
37 39 1
37 45 1
37 49 1
37 46 1
37 47 1
38 51 1
38 41 1
38 44 1
38 53 1
38 52 1
38 45 1
39 54 1
39 43 1
39 53 1
39 48 1
39 49 1
40 52 1
40 47 1
40 45 1
40 48 1
40 51 1
40 41 1
41 47 1
41 49 1
42 43 1
42 50 1
42 45 1
43 45 1
43 49 1
43 47 1
43 53 1
43 50 1
44 50 1
44 45 1
44 51 1
45 52 1
45 48 1
45 53 1
45 50 1
46 53 1
47 54 1
47 50 1
47 53 1
47 51 1
47 48 1
48 53 1
48 50 1
50 51 1
50 54 1
51 52 1
52 53 1
