55
0 36 1
0 28 1
0 38 1
0 35 1
0 29 1
0 5 1
0 52 1
0 31 1
0 20 1
0 39 1
0 9 1
0 24 1
0 33 1
1 3 1
1 2 1
1 41 1
1 14 1
1 42 1
1 39 1
1 8 1
1 26 1
1 28 1
1 37 1
1 27 1
1 32 1
1 35 1
1 47 1
2 42 1
2 43 1
2 13 1
2 24 1
2 21 1
2 25 1
2 45 1
2 54 1
2 37 1
2 20 1
2 29 1
2 35 1
2 22 1
2 17 1
3 23 1
3 42 1
3 8 1
3 34 1
3 36 1
3 53 1
3 21 1
3 28 1
3 48 1
3 45 1
3 20 1
3 30 1
3 17 1
3 37 1
3 44 1
3 32 1
3 12 1
3 31 1
4 5 1
4 50 1
4 47 1
4 13 1
4 40 1
4 26 1
4 32 1
4 30 1
4 29 1
4 8 1
4 48 1
4 33 1
4 36 1
4 6 1
4 34 1
4 51 1
4 54 1
5 53 1
5 19 1
5 21 1
5 41 1
5 15 1
5 22 1
5 9 1
5 17 1
5 34 1
5 8 1
5 7 1
5 33 1
5 39 1
5 48 1
5 40 1
5 29 1
5 46 1
5 25 1
5 44 1
6 26 1
6 27 1
6 35 1
6 43 1
6 18 1
6 11 1
6 40 1
6 38 1
6 48 1
6 30 1
6 20 1
6 34 1
6 50 1
6 36 1
6 29 1
6 16 1
7 37 1
7 31 1
7 20 1
7 12 1
7 30 1
7 48 1
7 45 1
7 38 1
7 16 1
7 24 1
7 51 1
7 10 1
7 52 1
7 34 1
7 17 1
7 50 1
8 11 1
8 36 1
8 54 1
8 17 1
8 42 1
8 45 1
8 32 1
8 40 1
8 38 1
8 41 1
8 44 1
8 47 1
8 23 1
8 53 1
8 35 1
8 43 1
8 34 1
8 24 1
8 33 1
9 29 1
9 45 1
9 32 1
9 27 1
9 28 1
9 16 1
9 49 1
9 43 1
9 26 1
9 39 1
9 10 1
9 21 1
9 30 1
9 40 1
9 52 1
9 38 1
9 19 1
10 15 1
10 27 1
10 49 1
10 32 1
10 18 1
10 25 1
10 19 1
10 26 1
10 39 1
10 21 1
10 52 1
10 23 1
10 17 1
10 20 1
10 31 1
10 37 1
10 48 1
11 32 1
11 34 1
11 28 1
11 43 1
11 44 1
11 36 1
11 47 1
11 38 1
11 40 1
11 50 1
11 46 1
11 45 1
12 50 1
12 33 1
12 17 1
12 16 1
12 32 1
12 37 1
12 25 1
12 13 1
12 41 1
12 48 1
12 35 1
12 30 1
12 44 1
12 34 1
12 38 1
12 23 1
12 20 1
12 36 1
12 18 1
12 49 1
12 52 1
13 26 1
13 19 1
13 47 1
13 37 1
13 49 1
13 22 1
13 43 1
13 30 1
13 34 1
13 25 1
13 51 1
13 42 1
13 31 1
13 50 1
14 18 1
14 19 1
14 45 1
14 30 1
14 33 1
14 52 1
14 20 1
14 15 1
14 44 1
14 47 1
14 34 1
14 41 1
14 51 1
14 21 1
14 25 1
14 46 1
15 18 1
15 20 1
15 31 1
15 27 1
15 41 1
15 49 1
15 48 1
15 23 1
15 40 1
15 46 1
15 53 1
15 44 1
15 24 1
15 25 1
16 31 1
16 43 1
16 30 1
16 52 1
16 37 1
16 33 1
16 28 1
16 21 1
16 23 1
16 34 1
16 22 1
17 19 1
17 23 1
17 37 1
17 33 1
17 51 1
17 44 1
17 43 1
17 50 1
17 45 1
17 21 1
17 49 1
17 32 1
17 40 1
17 28 1
17 27 1
18 37 1
18 32 1
18 50 1
18 44 1
18 38 1
18 22 1
18 51 1
18 35 1
18 24 1
18 49 1
18 26 1
18 23 1
18 52 1
18 40 1
19 53 1
19 40 1
19 21 1
19 45 1
19 28 1
19 48 1
19 51 1
19 54 1
19 34 1
19 30 1
19 46 1
19 49 1
19 24 1
19 22 1
19 26 1
19 43 1
20 43 1
20 31 1
20 37 1
20 33 1
20 35 1
20 53 1
20 41 1
20 39 1
20 52 1
20 21 1
20 27 1
20 45 1
21 50 1
21 28 1
21 48 1
21 52 1
21 47 1
21 54 1
21 34 1
21 44 1
22 44 1
22 30 1
22 53 1
22 38 1
22 24 1
22 35 1
22 39 1
22 43 1
22 54 1
22 41 1
22 50 1
22 32 1
22 42 1
22 47 1
22 52 1
23 36 1
23 26 1
23 38 1
23 30 1
23 33 1
23 28 1
23 24 1
23 42 1
23 37 1
23 41 1
23 52 1
23 43 1
23 45 1
23 27 1
23 32 1
23 25 1
24 52 1
24 31 1
24 40 1
24 51 1
24 28 1
24 34 1
24 54 1
24 38 1
24 43 1
24 36 1
24 29 1
24 27 1
24 41 1
24 32 1
25 53 1
25 50 1
25 47 1
25 43 1
26 49 1
26 54 1
26 32 1
26 39 1
26 47 1
26 37 1
26 48 1
26 46 1
26 36 1
26 43 1
26 38 1
26 51 1
27 44 1
27 31 1
27 38 1
27 54 1
27 32 1
27 43 1
27 28 1
27 46 1
27 53 1
28 45 1
28 52 1
28 49 1
28 36 1
28 46 1
28 53 1
28 35 1
28 31 1
29 44 1
29 41 1
29 52 1
29 48 1
29 43 1
29 46 1
29 47 1
29 38 1
30 53 1
30 38 1
30 48 1
30 54 1
30 32 1
30 34 1
31 33 1
31 36 1
31 43 1
31 38 1
31 53 1
31 45 1
31 46 1
32 44 1
32 36 1
32 52 1
32 43 1
32 53 1
32 41 1
32 47 1
32 45 1
33 41 1
33 45 1
33 37 1
33 47 1
33 35 1
33 34 1
33 48 1
33 39 1
33 54 1
34 37 1
34 52 1
34 47 1
34 38 1
34 35 1
34 39 1
34 45 1
35 54 1
35 50 1
35 42 1
35 49 1
35 36 1
35 51 1
35 38 1
35 45 1
36 49 1
36 48 1
36 43 1
36 47 1
36 51 1
37 48 1
37 40 1
37 42 1
37 46 1
38 44 1
38 51 1
38 53 1
38 46 1
39 42 1
39 47 1
39 41 1
39 54 1
40 48 1
40 47 1
40 49 1
40 46 1
40 50 1
41 44 1
41 47 1
41 50 1
41 42 1
42 51 1
42 47 1
42 44 1
42 48 1
43 45 1
43 53 1
43 54 1
44 52 1
44 48 1
44 51 1
44 47 1
44 53 1
45 51 1
45 46 1
45 50 1
45 48 1
45 47 1
46 52 1
46 51 1
46 54 1
47 48 1
47 52 1
47 50 1
48 52 1
48 50 1
49 53 1
50 51 1
50 52 1
53 54 1
