55
0 50 1
0 24 1
0 1 1
0 17 1
0 42 1
0 44 1
0 38 1
0 52 1
0 25 1
0 45 1
0 29 1
0 34 1
0 49 1
0 19 1
0 2 1
0 36 1
0 23 1
0 32 1
0 48 1
0 26 1
0 8 1
1 9 1
1 24 1
1 18 1
1 30 1
1 41 1
1 10 1
1 7 1
1 16 1
1 27 1
1 49 1
1 51 1
1 29 1
1 8 1
1 20 1
1 54 1
1 31 1
1 32 1
1 38 1
1 15 1
1 44 1
1 19 1
1 39 1
2 53 1
2 20 1
2 17 1
2 22 1
2 3 1
2 10 1
2 35 1
2 21 1
2 14 1
2 33 1
2 48 1
2 29 1
2 25 1
2 38 1
2 31 1
2 45 1
2 30 1
3 53 1
3 18 1
3 24 1
3 27 1
3 35 1
3 42 1
3 38 1
3 51 1
3 13 1
3 43 1
3 10 1
3 6 1
3 44 1
3 30 1
4 30 1
4 13 1
4 36 1
4 14 1
4 7 1
4 44 1
4 40 1
4 26 1
4 19 1
4 16 1
4 9 1
4 31 1
4 25 1
4 11 1
4 23 1
4 5 1
4 43 1
4 48 1
4 50 1
5 27 1
5 7 1
5 14 1
5 24 1
5 28 1
5 53 1
5 43 1
5 6 1
5 35 1
5 51 1
5 13 1
5 8 1
5 47 1
5 31 1
5 18 1
5 40 1
5 17 1
5 19 1
5 23 1
5 36 1
5 16 1
5 22 1
5 20 1
6 50 1
6 46 1
6 45 1
6 16 1
6 31 1
6 51 1
6 43 1
6 18 1
6 53 1
6 47 1
6 37 1
7 41 1
7 22 1
7 20 1
7 27 1
7 49 1
7 31 1
7 47 1
7 8 1
7 25 1
7 29 1
7 46 1
7 9 1
7 39 1
7 12 1
7 34 1
8 10 1
8 34 1
8 37 1
8 41 1
8 18 1
8 52 1
8 39 1
8 23 1
8 40 1
8 21 1
8 31 1
8 35 1
8 48 1
8 9 1
8 38 1
8 28 1
8 45 1
8 27 1
8 46 1
9 44 1
9 35 1
9 51 1
9 18 1
9 17 1
9 38 1
9 46 1
9 27 1
9 29 1
9 25 1
9 41 1
9 26 1
9 24 1
9 12 1
9 45 1
9 22 1
10 11 1
10 42 1
10 14 1
10 33 1
10 41 1
10 17 1
10 34 1
10 27 1
10 44 1
10 45 1
10 39 1
10 53 1
10 15 1
10 32 1
10 54 1
10 23 1
10 13 1
10 43 1
10 20 1
10 38 1
11 45 1
11 19 1
11 46 1
11 36 1
11 25 1
11 17 1
11 49 1
11 48 1
12 30 1
12 28 1
12 29 1
12 46 1
12 19 1
12 21 1
12 48 1
12 40 1
12 17 1
12 36 1
12 39 1
12 14 1
12 38 1
12 27 1
13 43 1
13 19 1
13 30 1
13 34 1
13 21 1
13 51 1
13 48 1
13 44 1
13 47 1
13 26 1
13 33 1
13 16 1
13 25 1
13 53 1
13 31 1
13 23 1
13 18 1
13 41 1
14 27 1
14 17 1
14 29 1
14 42 1
14 48 1
14 30 1
14 43 1
14 16 1
14 51 1
14 18 1
14 36 1
14 22 1
14 32 1
14 46 1
14 49 1
14 34 1
15 46 1
15 30 1
15 36 1
15 35 1
15 18 1
15 53 1
15 51 1
15 43 1
15 22 1
15 26 1
15 45 1
15 25 1
15 29 1
16 27 1
16 36 1
16 50 1
16 34 1
16 40 1
16 51 1
16 18 1
16 52 1
16 19 1
16 17 1
16 35 1
16 33 1
16 20 1
16 21 1
17 41 1
17 24 1
17 27 1
17 21 1
17 22 1
17 19 1
17 40 1
17 49 1
17 44 1
17 38 1
17 34 1
17 35 1
17 45 1
18 32 1
18 38 1
18 21 1
18 50 1
18 31 1
18 28 1
18 33 1
18 26 1
18 44 1
18 30 1
18 52 1
19 46 1
19 35 1
19 48 1
19 43 1
19 37 1
19 50 1
19 36 1
19 21 1
19 28 1
19 52 1
19 34 1
20 43 1
20 53 1
20 23 1
20 48 1
20 26 1
20 22 1
20 45 1
20 30 1
20 47 1
20 37 1
20 33 1
20 29 1
20 42 1
20 31 1
21 29 1
21 50 1
21 40 1
21 43 1
21 24 1
21 41 1
21 26 1
21 42 1
21 37 1
21 25 1
21 32 1
21 28 1
21 22 1
22 45 1
22 28 1
22 25 1
22 51 1
22 29 1
22 42 1
22 27 1
22 24 1
22 26 1
22 33 1
22 38 1
22 52 1
22 23 1
22 44 1
22 50 1
23 39 1
23 49 1
23 24 1
23 37 1
23 43 1
23 51 1
23 30 1
23 48 1
23 46 1
23 42 1
23 41 1
23 31 1
24 40 1
24 51 1
24 29 1
24 27 1
24 46 1
24 53 1
24 30 1
24 34 1
25 47 1
25 31 1
25 30 1
25 49 1
25 27 1
25 35 1
25 34 1
25 52 1
25 45 1
25 44 1
25 39 1
25 29 1
26 28 1
26 31 1
26 34 1
26 29 1
26 48 1
26 43 1
26 54 1
26 52 1
26 49 1
26 36 1
26 47 1
26 42 1
26 40 1
27 38 1
27 52 1
27 49 1
27 53 1
27 46 1
27 54 1
27 37 1
27 28 1
27 47 1
27 35 1
28 32 1
28 42 1
28 53 1
28 38 1
28 52 1
28 29 1
28 35 1
28 36 1
28 54 1
28 39 1
28 43 1
29 54 1
29 47 1
29 44 1
29 36 1
29 41 1
29 51 1
29 35 1
29 39 1
30 31 1
30 51 1
30 50 1
30 44 1
31 41 1
31 42 1
31 51 1
31 50 1
31 44 1
31 48 1
31 43 1
31 36 1
31 40 1
31 46 1
31 39 1
31 45 1
31 32 1
32 52 1
32 45 1
32 33 1
32 49 1
32 53 1
32 37 1
33 46 1
33 37 1
33 42 1
33 51 1
33 36 1
33 52 1
34 47 1
34 38 1
34 40 1
34 36 1
35 39 1
35 45 1
35 44 1
35 49 1
35 37 1
36 44 1
36 42 1
36 43 1
37 38 1
37 50 1
37 51 1
37 41 1
38 39 1
38 54 1
38 49 1
38 42 1
38 41 1
39 41 1
39 46 1
39 42 1
39 43 1
39 44 1
40 51 1
40 50 1
40 54 1
40 46 1
41 54 1
41 49 1
41 42 1
41 50 1
42 52 1
42 46 1
42 43 1
42 50 1
43 54 1
43 47 1
43 49 1
43 46 1
44 51 1
44 54 1
44 53 1
45 54 1
45 51 1
46 48 1
46 54 1
47 48 1
47 50 1
48 53 1
49 52 1
49 53 1
50 53 1
50 51 1
50 54 1
51 53 1
51 54 1
