55
0 46 1
0 21 1
0 4 1
0 19 1
0 45 1
0 54 1
0 53 1
0 3 1
0 34 1
0 12 1
0 35 1
0 16 1
0 29 1
0 14 1
0 44 1
0 10 1
0 26 1
0 6 1
0 30 1
1 4 1
1 8 1
1 12 1
1 46 1
1 33 1
1 25 1
1 36 1
1 13 1
1 53 1
1 44 1
1 39 1
1 42 1
1 34 1
1 38 1
1 41 1
1 47 1
1 3 1
1 54 1
1 20 1
2 29 1
2 23 1
2 48 1
2 43 1
2 33 1
2 45 1
2 31 1
2 5 1
2 28 1
2 46 1
2 36 1
2 19 1
2 3 1
2 15 1
2 17 1
2 42 1
2 41 1
2 26 1
2 14 1
3 24 1
3 43 1
3 47 1
3 42 1
3 41 1
3 34 1
3 4 1
3 19 1
3 20 1
3 26 1
3 39 1
3 12 1
3 52 1
3 29 1
3 33 1
4 26 1
4 20 1
4 50 1
4 41 1
4 14 1
4 6 1
4 21 1
4 16 1
4 32 1
4 9 1
4 29 1
4 37 1
4 17 1
4 51 1
4 11 1
5 30 1
5 28 1
5 43 1
5 10 1
5 36 1
5 48 1
5 31 1
5 44 1
5 45 1
5 26 1
5 27 1
5 52 1
5 23 1
5 12 1
5 34 1
5 50 1
5 20 1
5 13 1
5 42 1
5 22 1
6 19 1
6 36 1
6 24 1
6 45 1
6 7 1
6 29 1
6 41 1
6 28 1
6 30 1
6 48 1
6 13 1
6 14 1
6 37 1
6 54 1
6 39 1
6 27 1
6 51 1
6 26 1
7 13 1
7 44 1
7 10 1
7 31 1
7 33 1
7 26 1
7 29 1
7 54 1
7 37 1
7 19 1
7 38 1
7 46 1
7 39 1
7 12 1
7 48 1
7 24 1
7 25 1
8 10 1
8 9 1
8 36 1
8 27 1
8 16 1
8 49 1
8 15 1
8 22 1
8 47 1
8 43 1
8 39 1
8 11 1
8 30 1
8 46 1
9 42 1
9 19 1
9 10 1
9 24 1
9 14 1
9 21 1
9 51 1
9 35 1
9 37 1
9 45 1
9 41 1
9 50 1
9 33 1
9 22 1
9 15 1
9 49 1
9 39 1
9 27 1
9 11 1
10 13 1
10 37 1
10 42 1
10 19 1
10 53 1
10 46 1
10 27 1
10 44 1
10 41 1
10 40 1
10 15 1
10 17 1
10 12 1
10 20 1
10 11 1
10 31 1
11 18 1
11 19 1
11 34 1
11 43 1
11 39 1
11 48 1
11 38 1
11 50 1
11 15 1
11 37 1
11 17 1
11 45 1
11 20 1
11 22 1
11 32 1
12 39 1
12 22 1
12 25 1
12 31 1
12 53 1
12 21 1
12 14 1
12 37 1
12 43 1
12 32 1
12 18 1
13 38 1
13 35 1
13 29 1
13 14 1
13 22 1
13 47 1
13 23 1
13 24 1
13 54 1
13 39 1
13 36 1
13 21 1
13 52 1
14 34 1
14 20 1
14 19 1
14 27 1
14 25 1
14 52 1
14 54 1
14 45 1
14 51 1
14 36 1
14 16 1
14 49 1
14 40 1
14 31 1
14 32 1
14 43 1
14 24 1
14 22 1
15 43 1
15 22 1
15 16 1
15 49 1
15 47 1
15 25 1
15 29 1
15 42 1
15 38 1
15 24 1
15 48 1
15 17 1
15 40 1
16 37 1
16 21 1
16 49 1
16 30 1
16 32 1
16 52 1
16 34 1
16 24 1
16 47 1
17 23 1
17 24 1
17 48 1
17 32 1
17 44 1
17 54 1
17 45 1
17 36 1
17 50 1
17 46 1
17 41 1
17 43 1
17 51 1
17 25 1
17 19 1
17 20 1
18 19 1
18 48 1
18 45 1
18 43 1
18 23 1
18 36 1
18 24 1
18 40 1
18 32 1
19 43 1
19 28 1
19 40 1
19 41 1
19 31 1
19 24 1
19 39 1
20 33 1
20 42 1
20 52 1
20 27 1
20 50 1
20 45 1
20 21 1
20 37 1
20 54 1
21 36 1
21 22 1
21 50 1
21 29 1
21 38 1
21 23 1
21 33 1
21 45 1
21 54 1
22 43 1
22 40 1
22 29 1
22 48 1
22 36 1
22 49 1
22 47 1
22 28 1
22 30 1
22 51 1
22 34 1
22 31 1
22 41 1
23 35 1
23 32 1
23 36 1
23 48 1
23 34 1
23 41 1
23 25 1
23 46 1
23 37 1
23 44 1
23 52 1
24 37 1
24 50 1
24 47 1
24 29 1
24 26 1
24 27 1
24 44 1
24 45 1
24 53 1
24 43 1
24 36 1
24 39 1
24 48 1
25 44 1
25 34 1
25 41 1
25 29 1
25 53 1
25 26 1
25 32 1
25 52 1
25 48 1
25 36 1
25 40 1
25 33 1
25 45 1
25 30 1
25 37 1
25 39 1
26 47 1
26 33 1
26 40 1
26 42 1
26 52 1
26 43 1
26 39 1
27 33 1
27 49 1
27 38 1
27 52 1
27 28 1
27 53 1
27 54 1
27 35 1
27 40 1
27 36 1
27 42 1
28 52 1
28 36 1
28 33 1
28 38 1
28 54 1
28 48 1
28 29 1
28 39 1
28 34 1
28 53 1
28 35 1
28 37 1
28 43 1
28 49 1
28 31 1
29 43 1
29 54 1
29 49 1
29 30 1
29 45 1
29 37 1
29 36 1
29 52 1
29 46 1
29 48 1
29 34 1
30 39 1
30 53 1
30 31 1
30 35 1
30 52 1
30 49 1
30 34 1
30 44 1
31 39 1
31 42 1
31 41 1
31 47 1
31 32 1
31 40 1
31 33 1
31 46 1
31 43 1
31 44 1
32 45 1
32 34 1
32 46 1
32 37 1
32 44 1
32 35 1
32 52 1
32 48 1
33 50 1
33 39 1
33 49 1
33 44 1
33 38 1
33 36 1
33 34 1
33 35 1
33 43 1
34 44 1
34 51 1
34 45 1
34 52 1
34 47 1
34 43 1
34 48 1
35 37 1
35 36 1
35 47 1
35 39 1
36 49 1
36 48 1
36 53 1
36 46 1
36 54 1
37 43 1
37 52 1
37 49 1
37 41 1
37 47 1
38 43 1
38 40 1
38 42 1
38 51 1
38 54 1
38 41 1
38 48 1
38 47 1
39 44 1
39 51 1
39 40 1
39 46 1
39 49 1
39 42 1
40 54 1
40 44 1
40 49 1
41 53 1
41 54 1
41 51 1
41 45 1
41 48 1
42 46 1
42 44 1
42 50 1
43 46 1
43 50 1
43 51 1
43 45 1
43 48 1
44 45 1
44 48 1
44 52 1
44 49 1
45 47 1
45 51 1
45 49 1
45 48 1
46 48 1
47 50 1
48 53 1
48 54 1
49 53 1
50 52 1
51 54 1
52 54 1
