60
0 11 1
0 44 1
0 6 1
0 1 1
0 4 1
0 13 1
0 35 1
0 43 1
0 50 1
0 20 1
0 54 1
0 19 1
0 22 1
1 2 1
1 29 1
1 35 1
1 9 1
1 22 1
1 54 1
1 44 1
1 27 1
1 30 1
1 57 1
1 45 1
1 37 1
1 7 1
1 36 1
1 19 1
1 14 1
1 52 1
1 38 1
1 20 1
1 31 1
1 41 1
1 56 1
1 21 1
1 43 1
2 16 1
2 26 1
2 45 1
2 44 1
2 52 1
2 35 1
2 50 1
2 33 1
2 24 1
2 49 1
2 54 1
2 23 1
2 37 1
2 58 1
2 19 1
2 27 1
2 22 1
3 22 1
3 44 1
3 57 1
3 14 1
3 25 1
3 56 1
3 42 1
3 58 1
3 37 1
3 39 1
3 43 1
3 55 1
4 6 1
4 11 1
4 37 1
4 33 1
4 22 1
4 27 1
4 25 1
4 15 1
4 51 1
4 42 1
4 43 1
4 14 1
4 30 1
4 5 1
4 57 1
4 56 1
4 23 1
4 28 1
4 8 1
4 38 1
4 49 1
4 17 1
4 35 1
4 40 1
4 19 1
4 59 1
5 38 1
5 16 1
5 25 1
5 22 1
5 18 1
5 33 1
5 15 1
5 14 1
5 30 1
5 11 1
5 55 1
5 13 1
5 23 1
5 53 1
5 28 1
5 6 1
5 41 1
6 42 1
6 51 1
6 26 1
6 37 1
6 59 1
6 19 1
6 21 1
6 32 1
6 12 1
6 52 1
6 25 1
6 47 1
6 10 1
6 8 1
6 44 1
6 7 1
6 27 1
7 33 1
7 8 1
7 45 1
7 34 1
7 55 1
7 38 1
7 41 1
7 37 1
7 9 1
7 13 1
7 39 1
7 40 1
7 49 1
7 15 1
7 24 1
7 32 1
7 28 1
7 25 1
7 11 1
8 43 1
8 11 1
8 44 1
8 21 1
8 49 1
8 20 1
8 53 1
8 50 1
8 51 1
8 28 1
8 18 1
8 27 1
8 35 1
8 42 1
8 57 1
8 22 1
9 57 1
9 59 1
9 33 1
9 54 1
9 35 1
9 32 1
9 28 1
9 19 1
9 26 1
9 45 1
9 31 1
9 43 1
9 41 1
9 16 1
9 49 1
9 27 1
9 14 1
10 48 1
10 36 1
10 19 1
10 27 1
10 22 1
10 46 1
10 58 1
10 23 1
10 34 1
10 41 1
10 29 1
11 46 1
11 43 1
11 55 1
11 20 1
11 25 1
11 29 1
11 19 1
11 40 1
11 38 1
11 39 1
11 22 1
11 13 1
11 41 1
11 36 1
11 30 1
11 37 1
11 17 1
11 16 1
12 31 1
12 20 1
12 40 1
12 22 1
12 47 1
12 21 1
12 34 1
12 39 1
12 38 1
12 50 1
12 52 1
12 58 1
12 18 1
12 59 1
12 13 1
12 43 1
12 28 1
13 18 1
13 14 1
13 24 1
13 43 1
13 21 1
13 52 1
13 41 1
13 55 1
13 45 1
13 57 1
13 50 1
13 37 1
13 17 1
13 34 1
13 32 1
13 19 1
13 33 1
13 58 1
14 52 1
14 43 1
14 29 1
14 35 1
14 32 1
14 23 1
14 47 1
14 42 1
14 53 1
14 37 1
14 57 1
14 15 1
14 30 1
14 20 1
14 24 1
14 16 1
14 58 1
14 25 1
14 39 1
14 38 1
15 26 1
15 39 1
15 27 1
15 40 1
15 50 1
15 41 1
15 21 1
15 47 1
15 51 1
15 37 1
15 31 1
15 43 1
15 17 1
16 41 1
16 22 1
16 27 1
16 44 1
16 17 1
16 45 1
16 42 1
16 20 1
16 32 1
16 52 1
16 18 1
16 57 1
16 21 1
16 47 1
16 40 1
16 54 1
16 48 1
16 38 1
17 48 1
17 34 1
17 36 1
17 41 1
17 23 1
17 56 1
17 43 1
17 46 1
17 58 1
17 38 1
17 29 1
17 33 1
17 50 1
17 26 1
17 32 1
17 53 1
18 49 1
18 51 1
18 21 1
18 19 1
18 33 1
18 53 1
18 48 1
18 42 1
18 20 1
18 56 1
18 46 1
18 31 1
18 34 1
19 42 1
19 26 1
19 48 1
19 57 1
19 27 1
19 45 1
19 51 1
19 40 1
19 52 1
19 23 1
19 36 1
19 25 1
19 33 1
19 28 1
19 55 1
19 30 1
19 49 1
20 24 1
20 50 1
20 32 1
20 55 1
20 23 1
20 35 1
20 43 1
20 39 1
20 58 1
20 57 1
20 52 1
20 34 1
20 49 1
20 53 1
20 28 1
21 37 1
21 52 1
21 54 1
21 22 1
21 38 1
21 42 1
21 36 1
21 29 1
21 50 1
21 30 1
21 39 1
21 24 1
21 33 1
21 23 1
21 59 1
21 53 1
21 58 1
21 49 1
21 47 1
22 39 1
22 30 1
22 35 1
22 42 1
22 36 1
22 54 1
22 49 1
22 44 1
22 41 1
22 59 1
22 29 1
23 54 1
23 42 1
23 28 1
23 56 1
23 24 1
23 33 1
23 58 1
23 57 1
23 52 1
23 35 1
23 53 1
24 30 1
24 44 1
24 40 1
24 37 1
24 38 1
24 29 1
24 33 1
24 34 1
24 25 1
24 50 1
24 53 1
25 39 1
25 41 1
25 55 1
25 32 1
25 56 1
25 40 1
25 30 1
25 33 1
26 32 1
26 38 1
26 33 1
26 34 1
26 28 1
26 44 1
26 47 1
26 36 1
26 39 1
26 43 1
26 35 1
26 52 1
26 37 1
27 35 1
27 40 1
27 31 1
27 43 1
27 50 1
27 29 1
27 48 1
27 32 1
27 47 1
27 45 1
27 41 1
27 34 1
27 56 1
27 44 1
28 38 1
28 33 1
28 30 1
28 56 1
28 32 1
28 57 1
28 48 1
28 34 1
28 42 1
28 51 1
28 40 1
29 37 1
29 36 1
29 54 1
29 49 1
29 50 1
29 34 1
29 46 1
29 41 1
30 54 1
30 46 1
30 44 1
30 52 1
30 39 1
30 50 1
31 36 1
31 55 1
31 43 1
31 58 1
31 47 1
31 46 1
31 57 1
31 37 1
31 41 1
31 34 1
31 45 1
31 35 1
31 32 1
32 56 1
32 38 1
32 39 1
32 43 1
32 52 1
32 48 1
32 55 1
32 51 1
32 42 1
32 44 1
32 41 1
32 33 1
33 43 1
33 40 1
33 34 1
33 35 1
33 41 1
33 58 1
33 42 1
33 55 1
33 53 1
34 58 1
34 49 1
34 42 1
34 54 1
34 51 1
34 44 1
34 50 1
34 41 1
34 39 1
35 40 1
35 43 1
35 49 1
35 48 1
35 46 1
35 42 1
35 47 1
35 54 1
35 41 1
35 38 1
35 50 1
35 39 1
36 52 1
36 57 1
36 48 1
36 50 1
36 56 1
36 39 1
36 49 1
37 56 1
37 45 1
37 41 1
37 46 1
37 49 1
38 50 1
38 42 1
38 57 1
38 51 1
38 55 1
38 52 1
38 58 1
39 58 1
39 54 1
39 40 1
39 42 1
39 51 1
39 50 1
39 48 1
39 55 1
39 43 1
40 58 1
40 49 1
40 57 1
40 52 1
40 53 1
40 59 1
40 44 1
40 47 1
41 46 1
41 44 1
41 43 1
41 49 1
41 58 1
42 51 1
42 53 1
42 55 1
42 43 1
42 58 1
42 46 1
42 45 1
42 50 1
42 54 1
43 44 1
43 46 1
43 59 1
43 57 1
44 55 1
44 53 1
44 50 1
45 54 1
45 48 1
45 53 1
45 57 1
45 59 1
45 52 1
45 51 1
46 49 1
46 50 1
46 48 1
46 53 1
47 53 1
47 52 1
47 57 1
47 54 1
47 50 1
47 49 1
48 59 1
48 58 1
48 54 1
48 55 1
48 50 1
49 56 1
49 51 1
49 58 1
50 52 1
50 54 1
50 56 1
51 53 1
51 58 1
52 55 1
53 57 1
53 58 1
54 58 1
54 56 1
54 57 1
54 55 1
55 59 1
55 56 1
57 58 1
57 59 1
