60
0 36 1
0 6 1
0 23 1
0 22 1
0 14 1
0 43 1
0 40 1
0 3 1
0 33 1
0 52 1
0 31 1
0 5 1
0 34 1
0 26 1
0 55 1
0 10 1
0 38 1
0 25 1
0 49 1
0 42 1
0 59 1
0 47 1
0 45 1
1 24 1
1 52 1
1 23 1
1 33 1
1 27 1
1 45 1
1 3 1
1 43 1
1 51 1
1 57 1
1 35 1
1 47 1
1 5 1
1 22 1
2 57 1
2 36 1
2 7 1
2 17 1
2 11 1
2 41 1
2 29 1
2 56 1
2 16 1
2 33 1
2 23 1
2 35 1
2 55 1
2 18 1
2 48 1
2 39 1
3 41 1
3 54 1
3 35 1
3 42 1
3 19 1
3 9 1
3 36 1
3 45 1
3 47 1
3 34 1
3 39 1
3 33 1
4 31 1
4 23 1
4 17 1
4 44 1
4 43 1
4 30 1
4 53 1
4 33 1
4 26 1
4 50 1
4 28 1
4 48 1
4 18 1
5 38 1
5 27 1
5 34 1
5 47 1
5 10 1
5 15 1
5 52 1
5 8 1
5 26 1
5 55 1
5 58 1
5 50 1
5 37 1
5 36 1
5 23 1
5 30 1
5 43 1
5 51 1
5 35 1
5 19 1
5 21 1
5 42 1
5 7 1
5 25 1
6 44 1
6 42 1
6 41 1
6 49 1
6 47 1
6 34 1
6 21 1
6 52 1
6 39 1
6 16 1
6 14 1
6 48 1
6 33 1
6 57 1
6 15 1
6 19 1
6 28 1
7 26 1
7 32 1
7 45 1
7 28 1
7 49 1
7 41 1
7 23 1
7 34 1
7 39 1
7 36 1
7 52 1
7 29 1
7 58 1
7 19 1
7 47 1
7 15 1
7 35 1
8 32 1
8 14 1
8 58 1
8 27 1
8 15 1
8 17 1
8 21 1
8 35 1
8 23 1
8 53 1
8 34 1
8 24 1
8 50 1
8 26 1
8 51 1
8 54 1
8 28 1
9 23 1
9 56 1
9 15 1
9 20 1
9 39 1
9 41 1
9 26 1
9 25 1
9 40 1
9 33 1
9 49 1
9 35 1
9 42 1
10 39 1
10 47 1
10 15 1
10 28 1
10 55 1
10 22 1
10 29 1
10 57 1
10 27 1
10 11 1
10 19 1
10 42 1
11 56 1
11 49 1
11 40 1
11 12 1
11 53 1
11 37 1
11 17 1
11 55 1
11 15 1
11 46 1
11 35 1
11 48 1
11 58 1
11 50 1
11 57 1
11 36 1
11 47 1
11 42 1
11 30 1
11 18 1
11 54 1
12 50 1
12 42 1
12 18 1
12 39 1
12 24 1
12 30 1
12 47 1
12 40 1
12 55 1
12 25 1
12 15 1
12 14 1
12 37 1
12 43 1
12 36 1
13 52 1
13 23 1
13 57 1
13 27 1
13 14 1
13 45 1
13 38 1
13 48 1
13 37 1
13 31 1
13 26 1
14 24 1
14 15 1
14 49 1
14 57 1
14 51 1
14 25 1
14 38 1
14 22 1
14 18 1
14 41 1
14 29 1
14 40 1
14 53 1
14 33 1
14 34 1
14 52 1
14 35 1
14 16 1
15 32 1
15 29 1
15 40 1
15 34 1
15 35 1
15 16 1
15 53 1
15 47 1
15 30 1
15 18 1
15 19 1
15 27 1
16 33 1
16 19 1
16 41 1
16 52 1
16 58 1
16 40 1
16 17 1
16 59 1
16 55 1
16 46 1
16 22 1
16 21 1
16 25 1
16 38 1
16 44 1
16 26 1
17 49 1
17 47 1
17 32 1
17 39 1
17 53 1
17 37 1
17 50 1
17 52 1
17 19 1
17 38 1
17 42 1
17 24 1
17 18 1
17 28 1
17 58 1
17 57 1
17 27 1
17 56 1
17 21 1
18 51 1
18 25 1
18 20 1
18 38 1
18 54 1
18 26 1
18 57 1
18 42 1
18 59 1
18 27 1
18 32 1
18 36 1
18 56 1
18 29 1
18 35 1
19 20 1
19 21 1
19 29 1
19 53 1
19 57 1
19 23 1
19 56 1
19 30 1
19 59 1
19 49 1
19 34 1
19 42 1
19 28 1
19 48 1
20 41 1
20 44 1
20 21 1
20 34 1
20 31 1
20 23 1
20 40 1
20 33 1
20 39 1
20 54 1
20 43 1
20 56 1
21 22 1
21 54 1
21 41 1
21 23 1
21 30 1
21 38 1
21 48 1
21 59 1
21 28 1
21 49 1
21 56 1
21 35 1
21 26 1
21 32 1
22 39 1
22 32 1
22 23 1
22 25 1
22 37 1
22 24 1
22 47 1
22 55 1
22 31 1
22 56 1
22 27 1
22 36 1
22 44 1
22 34 1
23 49 1
23 33 1
23 36 1
23 41 1
23 35 1
23 40 1
23 50 1
23 42 1
23 34 1
23 55 1
23 39 1
23 47 1
24 37 1
24 32 1
24 51 1
24 35 1
24 54 1
24 31 1
24 43 1
24 57 1
24 46 1
24 49 1
24 25 1
24 55 1
24 30 1
24 58 1
24 27 1
24 41 1
25 59 1
25 33 1
25 49 1
25 44 1
25 26 1
25 32 1
25 54 1
25 45 1
25 34 1
25 43 1
25 57 1
25 27 1
25 31 1
25 28 1
25 37 1
25 55 1
26 35 1
26 51 1
26 55 1
26 37 1
26 58 1
26 32 1
26 31 1
27 47 1
27 59 1
27 41 1
27 34 1
27 49 1
27 53 1
27 57 1
27 55 1
27 52 1
27 50 1
27 37 1
27 56 1
28 45 1
28 46 1
28 52 1
28 37 1
28 30 1
28 58 1
28 55 1
28 51 1
28 41 1
28 53 1
28 36 1
28 39 1
28 38 1
28 43 1
28 40 1
29 51 1
29 53 1
29 36 1
29 49 1
29 41 1
29 34 1
29 33 1
29 38 1
29 50 1
29 57 1
29 58 1
29 45 1
29 48 1
30 46 1
30 45 1
30 34 1
30 35 1
30 50 1
30 39 1
30 33 1
30 53 1
31 53 1
31 47 1
31 57 1
31 52 1
31 38 1
31 32 1
31 50 1
31 33 1
31 46 1
31 44 1
31 45 1
31 39 1
31 48 1
32 35 1
32 36 1
32 53 1
32 46 1
32 37 1
32 56 1
32 41 1
32 50 1
32 44 1
32 38 1
32 52 1
32 58 1
33 48 1
33 54 1
33 42 1
33 50 1
33 36 1
33 52 1
33 56 1
33 58 1
33 46 1
33 37 1
33 34 1
34 55 1
34 35 1
34 50 1
34 51 1
34 59 1
34 57 1
34 43 1
34 56 1
34 42 1
34 41 1
34 53 1
34 52 1
34 47 1
35 53 1
35 38 1
35 45 1
35 54 1
35 59 1
35 39 1
36 45 1
36 37 1
36 58 1
36 39 1
36 49 1
37 55 1
37 47 1
37 59 1
37 41 1
37 50 1
37 42 1
37 57 1
37 45 1
37 49 1
37 46 1
37 38 1
37 48 1
38 59 1
38 41 1
38 47 1
38 44 1
38 58 1
38 49 1
38 50 1
38 40 1
39 59 1
39 41 1
39 53 1
39 45 1
39 46 1
39 51 1
39 48 1
39 40 1
39 52 1
40 41 1
40 45 1
40 42 1
40 58 1
40 53 1
40 50 1
40 47 1
41 46 1
41 54 1
41 56 1
41 45 1
41 43 1
41 51 1
41 48 1
42 59 1
42 45 1
42 48 1
42 46 1
42 58 1
42 57 1
42 50 1
43 55 1
43 45 1
43 46 1
43 58 1
43 51 1
43 44 1
43 54 1
43 52 1
43 59 1
44 55 1
44 53 1
44 50 1
45 58 1
45 53 1
45 54 1
46 59 1
46 49 1
46 50 1
46 57 1
46 47 1
46 51 1
47 55 1
47 54 1
47 49 1
47 59 1
47 51 1
47 52 1
48 56 1
48 51 1
48 59 1
49 50 1
49 56 1
49 51 1
49 53 1
49 58 1
49 59 1
50 58 1
50 53 1
50 52 1
51 58 1
51 57 1
51 52 1
52 55 1
52 53 1
52 59 1
52 58 1
53 58 1
53 54 1
54 56 1
55 58 1
57 58 1
