60
0 12 1
0 57 1
0 2 1
0 1 1
0 35 1
0 6 1
0 31 1
0 22 1
0 23 1
0 45 1
0 20 1
0 25 1
0 17 1
0 47 1
0 49 1
0 50 1
0 13 1
0 36 1
0 19 1
0 55 1
0 37 1
0 24 1
0 43 1
0 44 1
0 51 1
1 30 1
1 28 1
1 8 1
1 46 1
1 47 1
1 5 1
1 22 1
1 7 1
1 16 1
1 13 1
1 3 1
1 59 1
1 58 1
1 51 1
1 44 1
1 12 1
1 38 1
1 40 1
1 15 1
1 35 1
1 43 1
1 25 1
1 9 1
1 10 1
1 36 1
2 5 1
2 10 1
2 15 1
2 47 1
2 32 1
2 6 1
2 55 1
2 29 1
2 39 1
2 33 1
2 7 1
2 11 1
2 8 1
2 44 1
2 37 1
2 50 1
2 21 1
2 36 1
2 26 1
2 42 1
3 21 1
3 14 1
3 58 1
3 51 1
3 7 1
3 59 1
3 49 1
3 23 1
3 42 1
3 40 1
3 11 1
3 16 1
3 48 1
3 38 1
3 32 1
3 15 1
3 31 1
4 12 1
4 56 1
4 24 1
4 41 1
4 59 1
4 22 1
4 35 1
4 27 1
4 9 1
4 58 1
4 11 1
4 49 1
4 44 1
4 26 1
4 14 1
4 17 1
4 29 1
4 57 1
4 7 1
4 46 1
5 34 1
5 35 1
5 36 1
5 19 1
5 50 1
5 51 1
5 11 1
5 9 1
5 42 1
5 15 1
5 30 1
5 21 1
5 49 1
5 53 1
5 28 1
5 20 1
5 17 1
5 45 1
5 13 1
6 54 1
6 20 1
6 31 1
6 38 1
6 33 1
6 30 1
6 25 1
6 50 1
6 18 1
6 26 1
6 45 1
6 43 1
6 19 1
6 53 1
6 14 1
6 52 1
6 28 1
6 23 1
6 57 1
6 24 1
6 10 1
6 41 1
6 7 1
6 16 1
6 42 1
6 46 1
7 27 1
7 32 1
7 29 1
7 22 1
7 28 1
7 46 1
7 34 1
7 12 1
7 9 1
7 54 1
7 10 1
7 21 1
7 47 1
7 58 1
7 40 1
7 43 1
7 20 1
7 16 1
7 56 1
7 33 1
7 23 1
8 52 1
8 37 1
8 30 1
8 41 1
8 54 1
8 40 1
8 16 1
8 9 1
8 19 1
8 25 1
8 15 1
8 31 1
8 20 1
8 55 1
8 46 1
8 42 1
9 14 1
9 41 1
9 53 1
9 45 1
9 27 1
9 50 1
9 44 1
9 40 1
9 32 1
9 23 1
9 18 1
9 31 1
9 37 1
9 42 1
9 22 1
9 54 1
9 48 1
9 12 1
9 25 1
9 15 1
9 34 1
9 38 1
10 37 1
10 18 1
10 22 1
10 21 1
10 48 1
10 53 1
10 49 1
10 34 1
10 23 1
10 44 1
10 58 1
10 20 1
10 15 1
10 17 1
10 35 1
11 12 1
11 22 1
11 47 1
11 26 1
11 35 1
11 41 1
11 59 1
11 55 1
11 32 1
11 38 1
11 17 1
11 49 1
11 13 1
11 39 1
11 24 1
11 53 1
11 14 1
12 53 1
12 22 1
12 20 1
12 27 1
12 44 1
12 15 1
12 23 1
12 24 1
12 45 1
12 39 1
12 18 1
12 40 1
12 33 1
13 57 1
13 44 1
13 50 1
13 35 1
13 40 1
13 16 1
13 37 1
13 33 1
13 42 1
13 27 1
13 15 1
13 21 1
13 38 1
13 48 1
13 20 1
13 56 1
13 43 1
13 32 1
14 20 1
14 57 1
14 24 1
14 18 1
14 17 1
14 30 1
14 59 1
14 58 1
14 23 1
14 33 1
14 46 1
14 15 1
14 22 1
14 35 1
14 48 1
14 26 1
14 56 1
14 42 1
15 50 1
15 26 1
15 37 1
15 17 1
15 42 1
15 28 1
15 48 1
15 51 1
15 19 1
15 43 1
15 34 1
15 39 1
15 21 1
15 45 1
15 22 1
15 52 1
15 33 1
15 54 1
16 40 1
16 38 1
16 57 1
16 53 1
16 29 1
16 21 1
16 58 1
16 24 1
16 45 1
16 41 1
16 27 1
16 59 1
16 19 1
16 31 1
16 54 1
16 20 1
17 43 1
17 28 1
17 19 1
17 53 1
17 35 1
17 51 1
17 33 1
17 36 1
17 30 1
17 59 1
17 50 1
17 23 1
18 33 1
18 54 1
18 20 1
18 52 1
18 53 1
18 26 1
18 41 1
18 22 1
18 51 1
18 35 1
18 23 1
18 48 1
18 47 1
18 25 1
18 42 1
19 49 1
19 52 1
19 36 1
19 20 1
19 34 1
19 50 1
19 58 1
19 25 1
19 26 1
20 32 1
20 49 1
20 26 1
20 54 1
20 22 1
20 58 1
20 28 1
20 52 1
20 51 1
20 37 1
20 57 1
20 40 1
20 53 1
20 45 1
20 24 1
21 42 1
21 45 1
21 52 1
21 22 1
21 46 1
21 26 1
21 27 1
21 25 1
21 23 1
21 24 1
21 36 1
21 55 1
22 44 1
22 41 1
22 39 1
22 42 1
22 53 1
22 51 1
22 28 1
22 56 1
22 27 1
22 31 1
22 38 1
22 52 1
22 47 1
22 49 1
22 40 1
23 32 1
23 41 1
23 39 1
23 47 1
23 42 1
23 43 1
23 55 1
23 33 1
23 35 1
23 49 1
23 25 1
23 36 1
23 31 1
24 40 1
24 27 1
24 25 1
24 49 1
24 36 1
24 38 1
24 34 1
24 55 1
24 43 1
25 38 1
25 33 1
25 31 1
25 50 1
25 32 1
25 49 1
25 57 1
25 52 1
25 56 1
25 34 1
25 37 1
25 59 1
26 35 1
26 50 1
26 34 1
26 37 1
26 38 1
26 49 1
26 40 1
26 29 1
26 52 1
27 30 1
27 33 1
27 58 1
27 59 1
27 45 1
27 29 1
27 51 1
27 49 1
27 50 1
27 54 1
27 56 1
28 53 1
28 52 1
28 31 1
28 45 1
28 33 1
28 57 1
28 36 1
28 50 1
28 59 1
29 50 1
29 46 1
29 43 1
29 34 1
29 58 1
29 42 1
29 38 1
29 32 1
29 59 1
30 37 1
30 54 1
30 40 1
30 51 1
30 59 1
31 49 1
31 51 1
31 55 1
31 54 1
31 45 1
31 41 1
31 59 1
31 47 1
31 53 1
31 57 1
31 52 1
32 47 1
32 38 1
32 37 1
32 44 1
32 54 1
32 36 1
32 48 1
32 53 1
32 50 1
32 59 1
33 54 1
33 37 1
33 48 1
33 46 1
33 36 1
33 56 1
33 51 1
33 55 1
34 35 1
34 57 1
34 52 1
34 58 1
34 38 1
34 36 1
34 47 1
34 55 1
34 48 1
35 56 1
35 46 1
35 41 1
35 52 1
35 37 1
35 55 1
35 48 1
35 38 1
35 47 1
36 59 1
36 58 1
36 42 1
36 37 1
36 41 1
36 54 1
36 57 1
36 38 1
36 47 1
36 48 1
37 53 1
37 56 1
37 44 1
38 53 1
38 39 1
38 41 1
38 51 1
38 44 1
39 51 1
39 49 1
39 55 1
39 42 1
39 40 1
39 45 1
40 58 1
40 48 1
40 49 1
40 50 1
40 47 1
40 53 1
40 52 1
40 46 1
40 51 1
41 52 1
41 57 1
41 58 1
41 59 1
41 54 1
42 57 1
42 53 1
42 49 1
42 56 1
42 59 1
42 46 1
42 43 1
43 57 1
43 51 1
43 46 1
43 45 1
43 47 1
43 59 1
43 48 1
44 54 1
44 45 1
44 55 1
44 59 1
45 51 1
45 58 1
45 59 1
45 56 1
45 54 1
45 46 1
46 58 1
46 50 1
46 52 1
47 56 1
47 59 1
47 58 1
48 54 1
48 58 1
48 59 1
48 55 1
48 49 1
49 50 1
49 51 1
49 54 1
49 58 1
49 55 1
50 58 1
50 53 1
51 55 1
52 54 1
53 55 1
53 54 1
53 57 1
53 58 1
53 59 1
54 56 1
54 55 1
55 56 1
56 59 1
