60
0 57 1
0 59 1
0 43 1
0 33 1
0 17 1
0 41 1
0 40 1
0 31 1
0 38 1
0 44 1
0 8 1
0 5 1
0 7 1
0 12 1
0 27 1
0 10 1
0 37 1
0 51 1
0 19 1
1 41 1
1 52 1
1 37 1
1 32 1
1 47 1
1 2 1
1 18 1
1 34 1
1 48 1
1 9 1
1 8 1
1 40 1
1 4 1
1 57 1
1 42 1
1 50 1
2 47 1
2 5 1
2 17 1
2 56 1
2 35 1
2 57 1
2 6 1
2 42 1
2 10 1
2 3 1
2 24 1
2 38 1
2 53 1
2 30 1
2 21 1
2 34 1
2 25 1
2 52 1
2 33 1
2 44 1
2 8 1
3 10 1
3 7 1
3 55 1
3 32 1
3 36 1
3 28 1
3 15 1
3 42 1
3 4 1
3 49 1
3 57 1
3 52 1
3 47 1
3 26 1
3 22 1
3 30 1
3 44 1
3 59 1
3 11 1
3 21 1
4 37 1
4 28 1
4 14 1
4 46 1
4 41 1
4 30 1
4 48 1
4 50 1
4 26 1
4 34 1
4 33 1
4 12 1
4 17 1
4 42 1
4 16 1
4 7 1
4 18 1
4 5 1
4 31 1
4 8 1
4 55 1
4 9 1
4 58 1
4 54 1
4 57 1
4 20 1
4 45 1
4 39 1
4 40 1
5 14 1
5 20 1
5 9 1
5 54 1
5 52 1
5 47 1
5 37 1
5 42 1
5 29 1
5 17 1
5 58 1
5 39 1
5 19 1
5 25 1
5 48 1
5 30 1
5 43 1
5 8 1
5 35 1
5 32 1
5 44 1
5 7 1
5 24 1
6 45 1
6 9 1
6 7 1
6 22 1
6 40 1
6 29 1
6 52 1
6 23 1
6 42 1
6 14 1
6 35 1
6 11 1
6 10 1
6 20 1
6 44 1
6 17 1
6 30 1
6 46 1
6 12 1
7 14 1
7 21 1
7 26 1
7 56 1
7 22 1
7 32 1
7 57 1
7 11 1
7 43 1
7 53 1
7 29 1
7 52 1
7 25 1
7 9 1
7 36 1
7 58 1
7 15 1
7 8 1
7 47 1
8 33 1
8 41 1
8 16 1
8 57 1
8 43 1
8 39 1
8 29 1
8 22 1
8 45 1
8 55 1
8 36 1
8 30 1
8 9 1
8 20 1
8 37 1
8 38 1
8 14 1
8 27 1
8 54 1
9 30 1
9 39 1
9 37 1
9 23 1
9 20 1
9 24 1
9 15 1
9 35 1
9 42 1
9 11 1
9 25 1
9 17 1
9 10 1
9 40 1
9 28 1
9 57 1
9 54 1
9 47 1
10 15 1
10 37 1
10 42 1
10 40 1
10 44 1
10 21 1
10 49 1
10 53 1
10 18 1
10 54 1
10 39 1
10 29 1
10 38 1
10 33 1
10 55 1
11 49 1
11 32 1
11 57 1
11 52 1
11 54 1
11 14 1
11 15 1
11 26 1
11 13 1
11 48 1
11 19 1
11 38 1
11 17 1
11 58 1
11 28 1
11 53 1
11 12 1
12 35 1
12 17 1
12 49 1
12 41 1
12 51 1
12 55 1
12 50 1
12 30 1
12 23 1
12 43 1
12 29 1
12 16 1
12 15 1
12 20 1
12 25 1
12 47 1
12 39 1
13 57 1
13 52 1
13 59 1
13 42 1
13 48 1
13 54 1
13 20 1
13 36 1
13 16 1
13 40 1
13 47 1
13 25 1
13 31 1
13 18 1
14 54 1
14 34 1
14 53 1
14 45 1
14 46 1
14 25 1
14 57 1
14 50 1
14 23 1
14 29 1
14 44 1
14 51 1
14 22 1
14 36 1
14 38 1
14 58 1
15 17 1
15 18 1
15 37 1
15 16 1
15 22 1
15 54 1
15 46 1
15 42 1
15 43 1
15 20 1
15 48 1
15 38 1
15 45 1
15 28 1
15 24 1
15 41 1
15 33 1
15 30 1
15 53 1
16 18 1
16 54 1
16 48 1
16 28 1
16 38 1
16 24 1
16 29 1
16 59 1
16 52 1
16 49 1
16 58 1
16 32 1
16 44 1
16 30 1
16 17 1
16 39 1
16 36 1
17 38 1
17 52 1
17 26 1
17 48 1
17 55 1
17 49 1
17 33 1
17 29 1
17 22 1
17 23 1
17 54 1
17 46 1
17 19 1
17 27 1
18 26 1
18 53 1
18 43 1
18 52 1
18 42 1
18 19 1
18 58 1
18 45 1
18 59 1
18 36 1
18 29 1
19 34 1
19 20 1
19 52 1
19 36 1
19 35 1
19 22 1
19 39 1
19 29 1
19 55 1
19 27 1
19 25 1
20 52 1
20 40 1
20 46 1
20 45 1
20 59 1
20 35 1
20 25 1
20 56 1
20 23 1
20 50 1
20 22 1
20 33 1
21 49 1
21 29 1
21 23 1
21 24 1
21 35 1
21 57 1
21 51 1
21 25 1
21 30 1
21 56 1
21 48 1
21 54 1
21 59 1
21 31 1
21 22 1
22 58 1
22 33 1
22 36 1
22 39 1
22 53 1
22 40 1
22 35 1
22 49 1
22 52 1
22 41 1
22 28 1
22 38 1
22 57 1
22 34 1
22 46 1
22 51 1
22 30 1
22 55 1
23 56 1
23 51 1
23 59 1
23 36 1
23 41 1
23 31 1
23 58 1
23 57 1
23 52 1
23 46 1
23 25 1
23 43 1
23 47 1
23 27 1
23 26 1
23 39 1
24 28 1
24 56 1
24 59 1
24 41 1
24 40 1
24 32 1
24 34 1
24 33 1
24 37 1
24 39 1
25 53 1
25 46 1
25 26 1
25 34 1
25 45 1
25 44 1
25 48 1
25 52 1
25 49 1
25 58 1
25 59 1
25 38 1
25 29 1
26 34 1
26 31 1
26 48 1
26 46 1
26 45 1
26 28 1
26 41 1
26 33 1
26 49 1
26 27 1
26 58 1
27 43 1
27 29 1
27 41 1
27 34 1
27 53 1
27 47 1
28 40 1
28 29 1
28 47 1
28 44 1
28 33 1
28 41 1
28 50 1
28 35 1
28 37 1
28 31 1
29 32 1
29 35 1
29 55 1
29 44 1
29 33 1
29 52 1
29 59 1
30 45 1
30 46 1
30 35 1
30 54 1
30 43 1
30 59 1
30 41 1
30 42 1
30 48 1
31 35 1
31 53 1
31 46 1
31 32 1
31 44 1
31 51 1
31 52 1
31 38 1
31 39 1
32 50 1
32 38 1
32 59 1
32 39 1
32 55 1
32 48 1
32 53 1
32 36 1
32 42 1
33 39 1
33 47 1
33 52 1
33 45 1
33 43 1
33 34 1
33 54 1
34 36 1
34 38 1
34 59 1
34 47 1
34 50 1
34 56 1
34 55 1
34 57 1
34 37 1
34 46 1
35 40 1
35 54 1
35 46 1
35 47 1
35 36 1
35 44 1
35 56 1
35 42 1
35 45 1
35 39 1
35 51 1
35 37 1
35 55 1
36 51 1
36 37 1
36 45 1
36 38 1
36 47 1
36 56 1
36 44 1
37 59 1
37 42 1
37 52 1
37 58 1
37 43 1
37 55 1
37 41 1
37 49 1
37 54 1
37 46 1
38 47 1
38 53 1
38 40 1
38 51 1
38 58 1
38 52 1
39 49 1
39 46 1
39 58 1
39 53 1
39 42 1
39 48 1
39 43 1
39 55 1
39 44 1
40 48 1
40 55 1
40 42 1
40 45 1
40 50 1
40 51 1
40 52 1
41 51 1
41 52 1
41 49 1
41 48 1
41 57 1
41 46 1
42 51 1
42 49 1
42 54 1
42 46 1
42 58 1
43 47 1
43 48 1
43 44 1
43 58 1
43 54 1
43 52 1
43 57 1
43 50 1
44 47 1
44 59 1
44 55 1
44 53 1
45 46 1
45 56 1
46 55 1
47 52 1
47 53 1
47 59 1
48 58 1
48 59 1
49 55 1
49 52 1
49 53 1
49 50 1
49 51 1
49 57 1
49 59 1
49 58 1
50 55 1
51 55 1
51 58 1
52 57 1
52 53 1
54 56 1
55 58 1
55 57 1
56 59 1
56 57 1
57 58 1
58 59 1
