60
0 49 1
0 12 1
0 40 1
0 29 1
0 45 1
0 14 1
0 57 1
0 22 1
0 15 1
0 2 1
0 52 1
0 32 1
0 51 1
0 17 1
0 43 1
0 9 1
0 50 1
0 23 1
0 36 1
0 37 1
0 27 1
0 3 1
0 58 1
1 48 1
1 20 1
1 59 1
1 53 1
1 43 1
1 15 1
1 32 1
1 11 1
1 12 1
1 37 1
1 21 1
1 8 1
1 40 1
1 56 1
1 49 1
1 39 1
1 13 1
2 24 1
2 41 1
2 48 1
2 51 1
2 11 1
2 34 1
2 50 1
2 21 1
2 53 1
2 45 1
2 52 1
2 56 1
2 16 1
2 55 1
2 23 1
2 32 1
2 22 1
2 15 1
3 18 1
3 25 1
3 4 1
3 42 1
3 26 1
3 10 1
3 34 1
3 9 1
3 32 1
3 35 1
3 13 1
3 39 1
3 7 1
3 51 1
3 11 1
3 36 1
3 55 1
3 47 1
3 53 1
3 22 1
3 44 1
4 53 1
4 29 1
4 44 1
4 38 1
4 45 1
4 11 1
4 10 1
4 57 1
4 55 1
4 21 1
4 20 1
4 30 1
4 37 1
4 52 1
5 52 1
5 36 1
5 43 1
5 57 1
5 33 1
5 9 1
5 47 1
5 28 1
5 30 1
5 13 1
5 35 1
5 50 1
5 38 1
5 26 1
5 45 1
5 51 1
5 58 1
5 15 1
6 12 1
6 28 1
6 8 1
6 32 1
6 18 1
6 43 1
6 7 1
6 42 1
6 25 1
6 36 1
6 21 1
6 24 1
6 15 1
6 29 1
6 50 1
6 39 1
6 45 1
7 41 1
7 56 1
7 44 1
7 20 1
7 35 1
7 58 1
7 21 1
7 34 1
7 23 1
7 11 1
7 53 1
7 52 1
7 30 1
7 50 1
7 31 1
7 59 1
7 22 1
8 26 1
8 9 1
8 24 1
8 21 1
8 31 1
8 44 1
8 52 1
8 17 1
8 39 1
8 35 1
8 10 1
8 41 1
8 34 1
8 36 1
8 53 1
8 29 1
8 48 1
8 51 1
8 58 1
9 25 1
9 12 1
9 34 1
9 40 1
9 45 1
9 56 1
9 57 1
9 19 1
9 18 1
9 11 1
9 51 1
9 50 1
9 46 1
9 31 1
9 35 1
9 24 1
9 26 1
9 15 1
9 54 1
10 31 1
10 32 1
10 49 1
10 54 1
10 45 1
10 37 1
10 19 1
10 55 1
10 47 1
10 57 1
10 51 1
10 44 1
10 42 1
10 20 1
10 58 1
11 26 1
11 16 1
11 51 1
11 57 1
11 59 1
11 54 1
11 13 1
11 43 1
11 15 1
11 35 1
11 21 1
11 50 1
11 42 1
11 25 1
11 41 1
11 37 1
12 35 1
12 41 1
12 44 1
12 28 1
12 27 1
12 36 1
12 34 1
12 53 1
12 48 1
12 57 1
12 31 1
12 25 1
12 22 1
12 47 1
12 45 1
13 38 1
13 54 1
13 48 1
13 29 1
13 46 1
13 41 1
13 52 1
13 20 1
13 47 1
13 40 1
13 21 1
13 50 1
13 22 1
13 23 1
13 59 1
13 45 1
13 14 1
13 57 1
13 43 1
14 29 1
14 58 1
14 52 1
14 24 1
14 25 1
14 21 1
14 59 1
14 51 1
14 31 1
14 23 1
14 28 1
14 36 1
15 24 1
15 47 1
15 38 1
15 48 1
15 16 1
15 50 1
15 17 1
15 52 1
15 34 1
15 40 1
15 41 1
15 51 1
15 33 1
15 27 1
15 30 1
16 39 1
16 37 1
16 48 1
16 40 1
16 53 1
16 52 1
16 21 1
16 31 1
16 35 1
16 58 1
16 59 1
16 26 1
16 43 1
16 22 1
16 56 1
16 24 1
17 48 1
17 44 1
17 49 1
17 57 1
17 31 1
17 27 1
17 43 1
17 40 1
17 47 1
17 39 1
17 33 1
17 55 1
17 30 1
17 45 1
18 24 1
18 21 1
18 20 1
18 30 1
18 29 1
18 25 1
18 56 1
18 55 1
18 37 1
18 50 1
18 32 1
18 34 1
18 19 1
18 41 1
18 57 1
19 49 1
19 35 1
19 40 1
19 53 1
19 43 1
19 28 1
19 45 1
19 34 1
19 31 1
19 33 1
19 29 1
19 27 1
19 20 1
19 52 1
19 23 1
19 30 1
19 51 1
19 57 1
20 24 1
20 27 1
20 44 1
20 30 1
20 54 1
20 50 1
20 43 1
20 57 1
20 26 1
20 51 1
20 23 1
20 39 1
20 48 1
20 36 1
21 53 1
21 22 1
21 36 1
21 29 1
21 31 1
21 46 1
21 58 1
21 50 1
21 28 1
21 44 1
21 24 1
21 55 1
21 35 1
21 30 1
21 37 1
21 39 1
21 33 1
21 27 1
22 55 1
22 56 1
22 58 1
22 40 1
22 27 1
22 33 1
22 32 1
22 39 1
22 30 1
22 38 1
22 50 1
22 49 1
22 47 1
22 23 1
23 33 1
23 27 1
23 49 1
23 57 1
23 58 1
23 44 1
23 36 1
23 54 1
23 39 1
23 25 1
23 47 1
23 35 1
23 40 1
23 51 1
24 28 1
24 46 1
24 57 1
24 29 1
24 25 1
24 49 1
24 48 1
24 33 1
24 45 1
24 41 1
24 42 1
24 30 1
24 50 1
25 55 1
25 46 1
25 38 1
25 52 1
25 26 1
25 51 1
25 53 1
25 54 1
26 35 1
26 48 1
26 54 1
26 51 1
26 42 1
26 30 1
26 33 1
26 43 1
26 36 1
26 28 1
26 52 1
26 31 1
26 49 1
26 38 1
27 57 1
27 43 1
27 53 1
27 48 1
27 41 1
27 44 1
27 49 1
27 56 1
27 55 1
27 59 1
28 41 1
28 30 1
28 36 1
28 35 1
28 33 1
28 56 1
28 45 1
28 59 1
28 34 1
28 52 1
28 50 1
29 41 1
29 38 1
29 30 1
29 55 1
29 34 1
29 45 1
29 40 1
29 57 1
29 35 1
29 59 1
29 49 1
29 46 1
29 43 1
29 50 1
30 36 1
30 45 1
30 41 1
30 53 1
30 50 1
30 42 1
30 48 1
30 35 1
30 49 1
30 57 1
30 37 1
30 54 1
30 39 1
30 55 1
31 52 1
31 40 1
31 51 1
31 58 1
31 32 1
31 39 1
31 42 1
31 48 1
32 55 1
32 33 1
32 47 1
32 52 1
32 44 1
33 35 1
33 56 1
33 39 1
33 48 1
33 51 1
33 52 1
33 38 1
33 49 1
33 58 1
34 52 1
34 35 1
34 51 1
34 44 1
34 47 1
34 59 1
34 53 1
34 37 1
34 50 1
34 39 1
34 41 1
35 46 1
35 45 1
35 50 1
35 41 1
35 49 1
35 44 1
35 57 1
35 36 1
35 43 1
35 51 1
36 54 1
36 42 1
36 49 1
36 57 1
36 37 1
36 53 1
36 44 1
36 39 1
37 47 1
37 41 1
37 39 1
37 52 1
37 58 1
37 57 1
37 48 1
38 59 1
38 45 1
38 55 1
38 46 1
38 40 1
38 47 1
38 43 1
39 49 1
39 40 1
39 47 1
39 45 1
39 53 1
39 42 1
39 55 1
40 51 1
40 56 1
40 58 1
40 52 1
40 41 1
40 53 1
40 47 1
40 48 1
41 50 1
41 42 1
41 56 1
41 45 1
41 52 1
41 53 1
41 54 1
42 58 1
42 46 1
43 56 1
43 48 1
43 52 1
43 50 1
43 47 1
43 44 1
43 59 1
43 55 1
43 46 1
44 59 1
44 54 1
44 57 1
44 51 1
44 50 1
44 55 1
45 47 1
45 55 1
45 53 1
46 51 1
46 58 1
46 55 1
46 56 1
46 52 1
47 56 1
48 55 1
48 56 1
48 53 1
48 59 1
49 55 1
49 51 1
49 52 1
50 59 1
50 54 1
50 55 1
50 58 1
50 56 1
50 57 1
51 56 1
51 57 1
51 55 1
52 55 1
52 54 1
53 58 1
54 57 1
54 58 1
55 59 1
55 56 1
56 59 1
