60
0 57 1
0 42 1
0 10 1
0 5 1
0 46 1
0 53 1
0 19 1
0 16 1
0 6 1
0 38 1
0 25 1
0 32 1
0 48 1
0 33 1
0 55 1
0 34 1
1 12 1
1 33 1
1 23 1
1 6 1
1 8 1
1 18 1
1 25 1
1 52 1
1 48 1
1 24 1
1 34 1
1 45 1
1 28 1
1 27 1
1 5 1
1 51 1
1 15 1
2 12 1
2 57 1
2 53 1
2 23 1
2 30 1
2 28 1
2 7 1
2 58 1
2 17 1
2 46 1
2 39 1
2 19 1
2 24 1
2 27 1
2 55 1
2 48 1
2 49 1
3 29 1
3 52 1
3 5 1
3 10 1
3 25 1
3 38 1
3 54 1
3 22 1
3 45 1
3 35 1
3 13 1
3 50 1
3 41 1
4 14 1
4 11 1
4 10 1
4 54 1
4 38 1
4 46 1
4 9 1
4 34 1
4 7 1
4 59 1
4 31 1
4 58 1
4 42 1
4 6 1
4 25 1
4 24 1
4 21 1
4 33 1
4 35 1
4 36 1
4 57 1
4 19 1
4 16 1
4 44 1
5 49 1
5 29 1
5 31 1
5 22 1
5 45 1
5 20 1
5 25 1
5 13 1
5 39 1
5 48 1
5 46 1
5 54 1
5 23 1
5 12 1
5 50 1
5 55 1
5 8 1
5 42 1
5 26 1
5 19 1
5 41 1
6 43 1
6 50 1
6 57 1
6 22 1
6 58 1
6 47 1
6 40 1
6 39 1
6 30 1
6 17 1
6 42 1
6 23 1
6 21 1
6 25 1
6 26 1
7 51 1
7 53 1
7 46 1
7 12 1
7 14 1
7 16 1
7 42 1
7 24 1
7 34 1
7 43 1
7 41 1
7 55 1
7 22 1
7 49 1
7 54 1
7 45 1
8 12 1
8 14 1
8 35 1
8 42 1
8 44 1
8 59 1
8 22 1
8 28 1
8 56 1
8 17 1
8 55 1
8 23 1
8 50 1
8 54 1
9 20 1
9 17 1
9 37 1
9 56 1
9 47 1
9 55 1
9 45 1
9 46 1
9 57 1
9 54 1
9 51 1
9 48 1
9 22 1
9 50 1
9 27 1
10 13 1
10 34 1
10 35 1
10 51 1
10 36 1
10 46 1
10 49 1
10 42 1
10 29 1
10 55 1
10 56 1
10 41 1
10 38 1
10 15 1
10 24 1
10 22 1
10 23 1
10 14 1
10 40 1
11 45 1
11 14 1
11 27 1
11 51 1
11 54 1
11 31 1
11 52 1
11 40 1
11 34 1
11 58 1
11 59 1
11 37 1
11 30 1
11 48 1
11 29 1
11 50 1
12 18 1
12 27 1
12 26 1
12 35 1
12 28 1
12 17 1
12 38 1
12 48 1
12 34 1
12 55 1
12 46 1
12 40 1
12 19 1
12 25 1
13 21 1
13 45 1
13 26 1
13 32 1
13 18 1
13 52 1
13 23 1
13 48 1
13 47 1
13 38 1
13 36 1
13 29 1
13 41 1
13 27 1
13 19 1
13 54 1
14 50 1
14 16 1
14 24 1
14 41 1
14 43 1
14 28 1
14 44 1
14 54 1
14 31 1
14 21 1
14 59 1
14 32 1
14 58 1
14 55 1
14 38 1
14 56 1
14 57 1
14 26 1
14 35 1
14 48 1
15 23 1
15 29 1
15 44 1
15 58 1
15 22 1
15 50 1
15 56 1
15 43 1
15 46 1
15 55 1
15 53 1
15 37 1
15 38 1
15 19 1
15 16 1
15 20 1
15 54 1
15 48 1
15 36 1
16 25 1
16 27 1
16 41 1
16 56 1
16 59 1
16 57 1
16 43 1
16 23 1
16 38 1
16 53 1
16 52 1
16 29 1
16 21 1
17 36 1
17 44 1
17 24 1
17 29 1
17 21 1
17 50 1
17 58 1
17 57 1
17 20 1
17 46 1
17 33 1
17 32 1
17 45 1
17 52 1
17 40 1
17 55 1
17 42 1
18 57 1
18 59 1
18 34 1
18 41 1
18 52 1
18 49 1
18 24 1
18 36 1
18 48 1
18 30 1
18 39 1
18 22 1
18 38 1
18 25 1
18 31 1
19 56 1
19 32 1
19 50 1
19 25 1
19 41 1
19 24 1
19 48 1
19 51 1
19 23 1
19 55 1
19 37 1
19 54 1
19 52 1
19 29 1
19 35 1
20 41 1
20 47 1
20 21 1
20 52 1
20 28 1
20 24 1
20 37 1
20 25 1
20 58 1
20 56 1
20 49 1
20 54 1
20 29 1
21 39 1
21 53 1
21 34 1
21 40 1
21 35 1
21 41 1
21 50 1
21 43 1
21 23 1
21 44 1
21 59 1
22 26 1
22 44 1
22 49 1
22 24 1
22 25 1
22 56 1
22 54 1
22 30 1
22 47 1
22 46 1
22 41 1
22 36 1
22 38 1
22 39 1
23 52 1
23 47 1
23 37 1
23 48 1
23 41 1
23 57 1
23 40 1
23 33 1
23 59 1
23 50 1
23 53 1
23 38 1
23 45 1
23 26 1
23 30 1
24 35 1
24 37 1
24 32 1
24 45 1
24 26 1
24 59 1
24 28 1
24 36 1
24 39 1
24 33 1
24 42 1
24 49 1
24 46 1
24 40 1
24 48 1
24 58 1
25 41 1
25 28 1
25 44 1
25 46 1
25 53 1
25 39 1
25 27 1
25 50 1
25 29 1
25 59 1
25 57 1
25 34 1
25 55 1
25 33 1
25 37 1
25 30 1
26 55 1
26 30 1
26 39 1
26 40 1
26 37 1
26 43 1
26 45 1
26 50 1
27 35 1
27 40 1
27 45 1
27 59 1
27 49 1
27 48 1
27 29 1
27 46 1
27 52 1
27 37 1
27 43 1
27 34 1
28 46 1
28 32 1
28 56 1
28 44 1
28 43 1
28 39 1
28 50 1
28 49 1
28 51 1
28 31 1
29 47 1
29 32 1
29 51 1
29 31 1
29 37 1
29 48 1
29 35 1
29 50 1
29 58 1
29 41 1
29 33 1
29 54 1
30 42 1
30 40 1
30 35 1
30 48 1
30 55 1
30 54 1
30 53 1
30 46 1
30 58 1
30 32 1
30 47 1
31 49 1
31 34 1
31 44 1
31 37 1
31 47 1
31 38 1
31 45 1
31 57 1
31 51 1
31 39 1
31 42 1
31 35 1
31 54 1
31 56 1
31 53 1
31 43 1
31 33 1
32 47 1
32 50 1
32 41 1
32 54 1
32 58 1
32 52 1
32 53 1
32 33 1
32 39 1
32 59 1
32 45 1
33 48 1
33 58 1
33 42 1
33 45 1
33 44 1
33 56 1
33 43 1
33 59 1
33 47 1
33 52 1
33 54 1
34 35 1
34 48 1
34 53 1
34 38 1
34 42 1
34 51 1
35 38 1
35 58 1
35 37 1
35 46 1
35 56 1
35 55 1
35 36 1
35 40 1
35 44 1
36 59 1
36 43 1
36 47 1
36 55 1
36 49 1
36 57 1
37 55 1
37 44 1
37 40 1
37 58 1
37 54 1
37 49 1
37 50 1
37 59 1
37 42 1
37 46 1
37 52 1
37 48 1
38 54 1
38 51 1
38 44 1
38 50 1
39 50 1
39 40 1
39 45 1
39 52 1
39 54 1
40 56 1
40 47 1
40 43 1
40 58 1
40 44 1
41 46 1
41 58 1
41 50 1
41 42 1
41 48 1
41 49 1
41 45 1
41 59 1
42 44 1
42 51 1
42 53 1
42 45 1
42 55 1
43 57 1
43 44 1
43 52 1
43 56 1
43 47 1
43 45 1
43 51 1
43 50 1
44 58 1
44 57 1
44 45 1
44 46 1
44 53 1
44 49 1
44 54 1
44 47 1
45 58 1
45 48 1
45 46 1
46 57 1
46 47 1
46 55 1
46 51 1
46 54 1
47 50 1
47 54 1
47 49 1
47 55 1
48 51 1
48 54 1
48 52 1
48 57 1
49 50 1
49 56 1
49 58 1
50 53 1
50 57 1
51 57 1
52 58 1
52 59 1
52 55 1
53 55 1
53 59 1
54 55 1
54 59 1
54 56 1
56 59 1
56 58 1
56 57 1
57 59 1
