60
0 25 1
0 14 1
0 42 1
0 35 1
0 32 1
0 27 1
0 22 1
0 58 1
0 20 1
0 10 1
0 50 1
0 3 1
0 24 1
0 21 1
1 51 1
1 50 1
1 28 1
1 2 1
1 58 1
1 4 1
1 14 1
1 29 1
1 26 1
1 22 1
1 54 1
1 6 1
1 37 1
1 7 1
1 25 1
1 20 1
1 39 1
1 27 1
2 47 1
2 23 1
2 40 1
2 36 1
2 5 1
2 39 1
2 13 1
2 26 1
2 25 1
2 50 1
2 55 1
2 59 1
2 11 1
2 16 1
2 18 1
2 53 1
2 34 1
2 46 1
2 15 1
2 43 1
2 57 1
2 3 1
2 35 1
2 19 1
3 47 1
3 27 1
3 50 1
3 46 1
3 22 1
3 57 1
3 41 1
3 40 1
3 33 1
3 53 1
3 32 1
3 45 1
3 10 1
3 34 1
3 25 1
3 26 1
3 58 1
3 38 1
3 19 1
3 23 1
3 7 1
3 4 1
3 49 1
3 15 1
4 46 1
4 47 1
4 15 1
4 17 1
4 11 1
4 45 1
4 9 1
4 27 1
4 42 1
4 8 1
4 39 1
4 57 1
4 32 1
4 53 1
4 40 1
4 26 1
4 10 1
4 43 1
5 39 1
5 49 1
5 53 1
5 42 1
5 12 1
5 8 1
5 17 1
5 32 1
5 43 1
5 35 1
5 18 1
5 52 1
5 33 1
5 22 1
5 14 1
5 40 1
5 25 1
5 16 1
6 39 1
6 22 1
6 46 1
6 35 1
6 28 1
6 27 1
6 53 1
6 21 1
6 57 1
6 34 1
6 13 1
6 48 1
6 9 1
6 20 1
6 31 1
6 16 1
6 58 1
6 7 1
6 52 1
6 55 1
6 59 1
7 28 1
7 12 1
7 41 1
7 34 1
7 32 1
7 49 1
7 45 1
7 25 1
7 40 1
7 58 1
7 57 1
7 26 1
7 16 1
7 51 1
7 39 1
7 33 1
7 14 1
8 34 1
8 10 1
8 40 1
8 17 1
8 44 1
8 31 1
8 38 1
8 22 1
8 59 1
8 41 1
8 15 1
8 9 1
8 45 1
8 42 1
8 23 1
8 43 1
9 39 1
9 43 1
9 50 1
9 32 1
9 21 1
9 30 1
9 23 1
9 44 1
9 47 1
9 37 1
9 15 1
9 34 1
9 38 1
9 45 1
9 59 1
9 46 1
9 33 1
9 11 1
10 27 1
10 15 1
10 30 1
10 31 1
10 39 1
10 28 1
10 37 1
10 25 1
10 14 1
10 43 1
10 41 1
10 52 1
10 45 1
10 22 1
10 24 1
10 20 1
10 29 1
10 11 1
10 57 1
10 18 1
10 34 1
10 58 1
11 51 1
11 14 1
11 36 1
11 56 1
11 55 1
11 26 1
11 34 1
11 38 1
11 20 1
11 42 1
11 23 1
11 48 1
11 47 1
11 27 1
11 57 1
11 15 1
12 36 1
12 30 1
12 39 1
12 31 1
12 17 1
12 41 1
12 21 1
12 55 1
12 20 1
12 37 1
12 15 1
12 49 1
12 27 1
12 28 1
12 51 1
12 38 1
12 35 1
12 48 1
12 29 1
12 40 1
13 16 1
13 18 1
13 58 1
13 15 1
13 30 1
13 33 1
13 20 1
13 39 1
13 59 1
13 28 1
13 54 1
13 44 1
13 25 1
13 19 1
13 57 1
13 47 1
13 32 1
14 49 1
14 19 1
14 56 1
14 44 1
14 40 1
14 38 1
14 23 1
14 46 1
14 17 1
14 27 1
14 29 1
14 57 1
14 58 1
14 51 1
15 54 1
15 27 1
15 17 1
15 45 1
15 50 1
15 47 1
15 34 1
15 25 1
15 26 1
15 43 1
15 59 1
15 49 1
16 33 1
16 21 1
16 23 1
16 40 1
16 41 1
16 29 1
16 38 1
16 51 1
16 45 1
16 48 1
16 49 1
16 25 1
16 31 1
16 59 1
16 30 1
16 27 1
17 53 1
17 22 1
17 46 1
17 45 1
17 36 1
17 50 1
17 49 1
17 56 1
17 38 1
17 28 1
17 44 1
17 43 1
17 18 1
17 42 1
18 22 1
18 34 1
18 31 1
18 20 1
18 56 1
18 57 1
18 36 1
18 28 1
18 49 1
19 49 1
19 27 1
19 23 1
19 21 1
19 48 1
19 58 1
19 56 1
19 54 1
19 50 1
19 44 1
19 40 1
19 22 1
19 41 1
19 33 1
20 44 1
20 37 1
20 52 1
20 36 1
20 34 1
20 55 1
20 32 1
20 30 1
20 24 1
20 27 1
20 39 1
20 25 1
20 29 1
20 45 1
21 25 1
21 24 1
21 58 1
21 45 1
21 27 1
21 52 1
21 39 1
21 48 1
21 22 1
21 46 1
21 44 1
21 29 1
21 59 1
21 51 1
21 28 1
21 49 1
22 27 1
22 31 1
22 24 1
22 51 1
22 34 1
22 39 1
22 41 1
22 54 1
22 48 1
22 43 1
22 38 1
22 42 1
22 58 1
22 30 1
22 50 1
22 45 1
23 38 1
23 31 1
23 57 1
23 39 1
23 47 1
23 40 1
23 24 1
23 27 1
23 43 1
23 44 1
23 52 1
23 53 1
23 42 1
23 30 1
23 46 1
24 42 1
24 31 1
24 26 1
24 54 1
24 37 1
24 50 1
24 48 1
24 39 1
24 44 1
24 55 1
25 46 1
25 45 1
25 26 1
25 32 1
25 27 1
25 40 1
25 39 1
25 55 1
25 43 1
25 35 1
25 54 1
25 42 1
26 58 1
26 32 1
26 51 1
26 38 1
26 55 1
26 50 1
26 44 1
26 54 1
26 39 1
26 35 1
26 42 1
26 37 1
26 53 1
27 51 1
27 40 1
27 44 1
27 37 1
27 59 1
27 42 1
27 29 1
27 31 1
27 47 1
27 55 1
27 33 1
27 46 1
27 45 1
28 36 1
28 46 1
28 40 1
28 52 1
28 31 1
28 54 1
28 57 1
28 58 1
28 50 1
28 30 1
29 55 1
29 30 1
29 40 1
29 32 1
30 53 1
30 57 1
30 55 1
30 47 1
30 43 1
30 33 1
30 36 1
30 39 1
30 48 1
31 38 1
31 49 1
31 46 1
31 48 1
31 55 1
31 54 1
31 56 1
31 34 1
31 44 1
31 42 1
31 47 1
31 45 1
32 33 1
32 36 1
32 57 1
32 46 1
32 35 1
32 37 1
32 41 1
32 50 1
32 58 1
33 50 1
33 35 1
33 42 1
33 43 1
33 36 1
33 56 1
33 58 1
33 46 1
33 40 1
33 48 1
33 37 1
33 52 1
34 39 1
34 48 1
34 41 1
34 38 1
34 35 1
34 44 1
34 52 1
34 42 1
34 57 1
34 40 1
34 46 1
34 49 1
34 53 1
35 51 1
35 52 1
35 47 1
35 40 1
35 49 1
35 37 1
35 50 1
35 55 1
35 39 1
36 56 1
36 44 1
36 58 1
36 40 1
36 50 1
36 48 1
36 59 1
36 41 1
36 46 1
37 58 1
37 51 1
37 48 1
37 56 1
37 42 1
37 44 1
37 39 1
38 51 1
38 59 1
38 55 1
38 53 1
38 49 1
38 47 1
38 56 1
38 46 1
38 43 1
38 39 1
39 56 1
39 53 1
39 59 1
39 46 1
39 45 1
40 53 1
40 52 1
40 59 1
40 44 1
40 50 1
40 58 1
41 58 1
41 54 1
41 50 1
41 43 1
41 59 1
41 57 1
42 59 1
42 58 1
42 43 1
42 57 1
42 50 1
43 50 1
43 53 1
43 54 1
43 58 1
43 56 1
44 54 1
44 52 1
44 58 1
44 47 1
44 55 1
44 48 1
44 49 1
44 57 1
44 56 1
45 55 1
45 53 1
45 58 1
46 58 1
46 52 1
46 49 1
46 51 1
47 56 1
47 50 1
47 55 1
47 53 1
48 59 1
48 50 1
48 49 1
49 51 1
49 56 1
49 50 1
50 59 1
50 51 1
50 55 1
50 57 1
51 55 1
52 56 1
53 55 1
54 57 1
54 55 1
55 59 1
57 59 1
