60
0 34 1
0 31 1
0 2 1
0 14 1
0 41 1
0 30 1
0 57 1
0 59 1
0 12 1
0 7 1
0 4 1
0 54 1
0 53 1
0 25 1
0 10 1
0 44 1
0 49 1
0 48 1
0 8 1
0 45 1
0 9 1
0 46 1
0 38 1
0 33 1
0 36 1
0 35 1
0 11 1
0 3 1
0 5 1
0 58 1
0 37 1
0 51 1
0 42 1
0 19 1
0 15 1
0 52 1
0 22 1
0 47 1
0 13 1
0 21 1
0 23 1
0 24 1
1 6 1
1 51 1
1 18 1
1 7 1
1 38 1
1 43 1
1 17 1
1 26 1
1 58 1
1 30 1
1 46 1
1 54 1
1 33 1
1 34 1
1 14 1
1 59 1
1 42 1
1 31 1
1 16 1
1 15 1
1 56 1
1 53 1
1 45 1
1 32 1
1 36 1
1 10 1
1 9 1
1 41 1
1 50 1
1 25 1
1 39 1
1 2 1
1 37 1
1 4 1
1 28 1
1 48 1
1 20 1
1 8 1
1 11 1
1 13 1
1 12 1
1 23 1
1 49 1
1 47 1
1 57 1
1 29 1
2 15 1
2 29 1
2 34 1
2 25 1
2 12 1
2 52 1
2 59 1
2 57 1
2 56 1
2 6 1
2 37 1
2 35 1
2 17 1
2 43 1
2 58 1
2 9 1
2 14 1
2 8 1
2 18 1
2 47 1
2 51 1
2 11 1
2 40 1
2 42 1
2 13 1
2 53 1
2 16 1
2 41 1
2 20 1
2 22 1
2 39 1
2 10 1
2 21 1
2 24 1
2 50 1
2 32 1
2 49 1
2 5 1
2 7 1
2 48 1
2 36 1
2 38 1
3 5 1
3 10 1
3 7 1
3 24 1
3 15 1
3 18 1
3 37 1
3 44 1
3 56 1
3 39 1
3 19 1
3 40 1
3 59 1
3 52 1
3 33 1
3 4 1
3 17 1
3 23 1
3 6 1
3 29 1
3 41 1
3 13 1
3 30 1
3 32 1
3 22 1
3 42 1
3 16 1
3 49 1
3 51 1
3 27 1
3 25 1
3 11 1
3 46 1
3 9 1
3 34 1
3 21 1
3 48 1
3 50 1
3 55 1
3 43 1
4 35 1
4 16 1
4 36 1
4 14 1
4 48 1
4 40 1
4 10 1
4 37 1
4 55 1
4 9 1
4 56 1
4 38 1
4 13 1
4 34 1
4 59 1
4 32 1
4 25 1
4 58 1
4 5 1
4 50 1
4 18 1
4 20 1
4 49 1
4 51 1
4 45 1
4 52 1
4 26 1
4 11 1
4 54 1
4 47 1
4 41 1
4 57 1
4 44 1
4 29 1
4 15 1
4 23 1
4 6 1
4 46 1
4 30 1
5 47 1
5 45 1
5 52 1
5 33 1
5 23 1
5 58 1
5 11 1
5 10 1
5 24 1
5 53 1
5 29 1
5 32 1
5 43 1
5 15 1
5 40 1
5 36 1
5 55 1
5 39 1
5 21 1
5 54 1
5 49 1
5 13 1
5 31 1
5 34 1
5 17 1
5 35 1
5 59 1
5 16 1
5 56 1
5 37 1
5 22 1
5 19 1
5 50 1
5 30 1
5 42 1
5 48 1
6 22 1
6 19 1
6 55 1
6 52 1
6 48 1
6 10 1
6 20 1
6 33 1
6 25 1
6 38 1
6 7 1
6 45 1
6 56 1
6 18 1
6 35 1
6 32 1
6 46 1
6 13 1
6 47 1
6 34 1
6 44 1
6 29 1
6 31 1
6 28 1
6 57 1
6 40 1
6 15 1
6 50 1
6 11 1
6 42 1
6 27 1
6 39 1
6 16 1
6 54 1
6 23 1
6 8 1
6 59 1
6 26 1
6 36 1
6 37 1
7 45 1
7 41 1
7 17 1
7 32 1
7 34 1
7 47 1
7 10 1
7 9 1
7 27 1
7 42 1
7 20 1
7 23 1
7 54 1
7 46 1
7 48 1
7 26 1
7 49 1
7 25 1
7 44 1
7 11 1
7 40 1
7 13 1
7 30 1
7 24 1
7 38 1
7 35 1
7 52 1
7 16 1
7 14 1
7 12 1
7 31 1
7 43 1
7 28 1
7 58 1
7 37 1
7 29 1
8 58 1
8 48 1
8 22 1
8 50 1
8 55 1
8 59 1
8 19 1
8 32 1
8 14 1
8 10 1
8 24 1
8 17 1
8 43 1
8 16 1
8 52 1
8 12 1
8 47 1
8 51 1
8 20 1
8 53 1
8 25 1
8 40 1
8 21 1
8 49 1
8 34 1
8 42 1
8 39 1
8 45 1
8 38 1
8 44 1
8 27 1
8 46 1
8 33 1
8 28 1
8 57 1
8 15 1
8 35 1
8 36 1
9 45 1
9 52 1
9 53 1
9 16 1
9 55 1
9 17 1
9 26 1
9 21 1
9 35 1
9 58 1
9 20 1
9 44 1
9 28 1
9 27 1
9 51 1
9 12 1
9 24 1
9 23 1
9 36 1
9 15 1
9 48 1
9 46 1
9 59 1
9 11 1
9 33 1
9 34 1
9 30 1
9 37 1
9 39 1
9 10 1
9 56 1
9 29 1
9 43 1
9 47 1
9 49 1
9 18 1
9 41 1
9 22 1
9 25 1
9 57 1
10 53 1
10 45 1
10 31 1
10 54 1
10 44 1
10 52 1
10 26 1
10 24 1
10 58 1
10 56 1
10 21 1
10 27 1
10 50 1
10 40 1
10 34 1
10 28 1
10 43 1
10 17 1
10 13 1
10 33 1
10 37 1
10 12 1
10 32 1
10 20 1
10 41 1
10 19 1
10 59 1
10 22 1
10 47 1
10 18 1
10 55 1
10 29 1
10 35 1
10 23 1
10 38 1
10 46 1
10 36 1
10 16 1
10 15 1
11 31 1
11 19 1
11 45 1
11 38 1
11 29 1
11 28 1
11 22 1
11 24 1
11 39 1
11 23 1
11 15 1
11 47 1
11 18 1
11 37 1
11 48 1
11 55 1
11 34 1
11 35 1
11 32 1
11 49 1
11 46 1
11 13 1
11 17 1
11 40 1
11 58 1
11 26 1
11 33 1
11 53 1
11 16 1
11 56 1
11 20 1
11 41 1
11 50 1
11 43 1
11 12 1
11 30 1
11 14 1
12 52 1
12 36 1
12 14 1
12 32 1
12 20 1
12 50 1
12 15 1
12 33 1
12 30 1
12 57 1
12 16 1
12 17 1
12 41 1
12 34 1
12 19 1
12 29 1
12 45 1
12 24 1
12 48 1
12 54 1
12 53 1
12 35 1
12 47 1
12 58 1
12 40 1
12 37 1
12 39 1
12 51 1
12 28 1
12 56 1
12 44 1
12 21 1
12 26 1
12 55 1
12 23 1
12 18 1
13 59 1
13 55 1
13 51 1
13 21 1
13 34 1
13 57 1
13 40 1
13 25 1
13 18 1
13 22 1
13 16 1
13 36 1
13 58 1
13 31 1
13 27 1
13 35 1
13 52 1
13 46 1
13 41 1
13 48 1
13 28 1
13 26 1
13 20 1
13 56 1
13 47 1
13 49 1
13 14 1
13 42 1
13 33 1
13 24 1
13 38 1
13 32 1
13 44 1
13 23 1
13 17 1
13 30 1
14 46 1
14 35 1
14 15 1
14 37 1
14 17 1
14 58 1
14 33 1
14 43 1
14 42 1
14 53 1
14 25 1
14 18 1
14 41 1
14 19 1
14 28 1
14 22 1
14 49 1
14 30 1
14 59 1
14 29 1
14 38 1
14 56 1
14 39 1
14 34 1
14 36 1
14 57 1
14 21 1
14 51 1
14 24 1
14 54 1
14 23 1
14 48 1
14 50 1
14 47 1
14 26 1
14 45 1
15 59 1
15 34 1
15 20 1
15 46 1
15 28 1
15 23 1
15 22 1
15 21 1
15 52 1
15 42 1
15 36 1
15 24 1
15 38 1
15 47 1
15 17 1
15 51 1
15 53 1
15 56 1
15 49 1
15 26 1
15 32 1
15 55 1
15 27 1
15 54 1
15 19 1
15 29 1
15 48 1
15 58 1
15 41 1
15 35 1
15 43 1
15 30 1
15 57 1
15 50 1
16 55 1
16 38 1
16 32 1
16 42 1
16 18 1
16 17 1
16 35 1
16 58 1
16 20 1
16 30 1
16 33 1
16 19 1
16 25 1
16 34 1
16 28 1
16 29 1
16 50 1
16 37 1
16 51 1
16 27 1
16 47 1
16 21 1
16 52 1
16 57 1
16 39 1
16 44 1
16 22 1
16 46 1
16 43 1
16 24 1
16 23 1
16 59 1
16 40 1
17 37 1
17 48 1
17 42 1
17 50 1
17 55 1
17 26 1
17 21 1
17 46 1
17 43 1
17 56 1
17 47 1
17 52 1
17 54 1
17 45 1
17 31 1
17 24 1
17 58 1
17 38 1
17 40 1
17 44 1
17 20 1
17 59 1
17 36 1
17 28 1
17 25 1
17 49 1
17 27 1
17 34 1
17 57 1
17 51 1
17 39 1
17 22 1
17 33 1
17 23 1
18 31 1
18 19 1
18 35 1
18 30 1
18 47 1
18 45 1
18 36 1
18 22 1
18 37 1
18 28 1
18 43 1
18 46 1
18 27 1
18 53 1
18 32 1
18 40 1
18 50 1
18 33 1
18 25 1
18 38 1
18 23 1
18 26 1
18 49 1
18 34 1
18 59 1
18 56 1
19 35 1
19 29 1
19 22 1
19 20 1
19 45 1
19 38 1
19 47 1
19 36 1
19 23 1
19 27 1
19 44 1
19 30 1
19 26 1
19 58 1
19 55 1
19 28 1
19 50 1
19 31 1
19 25 1
19 21 1
19 34 1
19 24 1
19 37 1
19 57 1
19 54 1
19 59 1
19 40 1
19 39 1
19 33 1
19 49 1
20 49 1
20 22 1
20 42 1
20 47 1
20 39 1
20 59 1
20 46 1
20 40 1
20 45 1
20 54 1
20 24 1
20 41 1
20 53 1
20 35 1
20 38 1
20 31 1
20 28 1
20 57 1
20 26 1
20 56 1
20 29 1
20 50 1
20 27 1
20 37 1
20 33 1
20 44 1
20 43 1
20 23 1
20 48 1
20 52 1
21 37 1
21 45 1
21 31 1
21 22 1
21 26 1
21 25 1
21 59 1
21 49 1
21 32 1
21 51 1
21 29 1
21 55 1
21 35 1
21 44 1
21 33 1
21 42 1
21 28 1
21 27 1
21 56 1
21 53 1
21 46 1
21 24 1
21 52 1
21 43 1
21 40 1
21 30 1
21 23 1
21 48 1
22 59 1
22 54 1
22 35 1
22 30 1
22 27 1
22 37 1
22 33 1
22 26 1
22 43 1
22 36 1
22 23 1
22 29 1
22 34 1
22 31 1
22 42 1
22 24 1
22 48 1
22 51 1
22 28 1
22 38 1
22 55 1
22 56 1
22 47 1
22 52 1
22 50 1
22 53 1
22 58 1
22 46 1
22 25 1
22 45 1
23 37 1
23 43 1
23 59 1
23 49 1
23 44 1
23 55 1
23 46 1
23 52 1
23 25 1
23 42 1
23 47 1
23 39 1
23 45 1
23 40 1
23 24 1
23 35 1
23 32 1
23 58 1
23 34 1
23 57 1
23 33 1
23 48 1
23 56 1
23 27 1
23 29 1
23 41 1
23 50 1
23 51 1
23 53 1
23 36 1
24 25 1
24 37 1
24 28 1
24 44 1
24 34 1
24 41 1
24 30 1
24 43 1
24 38 1
24 29 1
24 53 1
24 27 1
24 56 1
24 32 1
24 42 1
24 45 1
24 46 1
24 36 1
24 55 1
24 54 1
24 33 1
24 40 1
24 31 1
24 57 1
24 39 1
24 52 1
24 59 1
25 46 1
25 50 1
25 41 1
25 39 1
25 48 1
25 35 1
25 40 1
25 51 1
25 31 1
25 59 1
25 38 1
25 57 1
25 45 1
25 36 1
25 33 1
25 27 1
25 55 1
25 30 1
25 47 1
25 49 1
25 32 1
25 43 1
25 53 1
26 44 1
26 49 1
26 52 1
26 54 1
26 46 1
26 31 1
26 30 1
26 40 1
26 53 1
26 50 1
26 41 1
26 35 1
26 57 1
26 47 1
26 38 1
26 28 1
26 36 1
26 34 1
26 45 1
26 42 1
26 27 1
26 43 1
27 59 1
27 31 1
27 57 1
27 58 1
27 34 1
27 53 1
27 49 1
27 30 1
27 46 1
27 28 1
27 29 1
27 40 1
27 36 1
27 47 1
27 33 1
27 44 1
27 45 1
27 55 1
27 50 1
27 39 1
27 43 1
27 37 1
27 54 1
27 41 1
28 38 1
28 58 1
28 55 1
28 40 1
28 57 1
28 30 1
28 51 1
28 47 1
28 35 1
28 53 1
28 59 1
28 49 1
28 41 1
28 36 1
28 34 1
28 46 1
28 44 1
28 29 1
28 43 1
28 56 1
28 33 1
28 32 1
28 31 1
28 52 1
28 50 1
28 39 1
28 42 1
29 52 1
29 54 1
29 43 1
29 36 1
29 40 1
29 33 1
29 37 1
29 47 1
29 30 1
29 39 1
29 34 1
29 53 1
29 38 1
29 32 1
29 49 1
29 41 1
29 48 1
29 31 1
29 45 1
29 59 1
29 46 1
29 35 1
29 51 1
29 50 1
29 58 1
30 56 1
30 45 1
30 50 1
30 51 1
30 49 1
30 55 1
30 31 1
30 42 1
30 48 1
30 52 1
30 46 1
30 41 1
30 35 1
30 53 1
30 40 1
31 41 1
31 49 1
31 38 1
31 54 1
31 55 1
31 46 1
31 35 1
31 36 1
31 42 1
31 39 1
31 53 1
31 44 1
31 51 1
31 34 1
31 45 1
31 32 1
31 48 1
31 59 1
32 58 1
32 55 1
32 57 1
32 38 1
32 34 1
32 36 1
32 56 1
32 48 1
32 59 1
32 41 1
32 40 1
32 49 1
32 44 1
32 51 1
32 46 1
32 47 1
32 35 1
32 42 1
33 42 1
33 52 1
33 35 1
33 59 1
33 39 1
33 46 1
33 51 1
33 41 1
33 34 1
33 40 1
33 45 1
33 55 1
33 54 1
33 37 1
33 36 1
33 48 1
33 56 1
33 58 1
33 57 1
33 53 1
33 44 1
33 47 1
34 48 1
34 37 1
34 55 1
34 40 1
34 53 1
34 51 1
34 38 1
34 47 1
34 42 1
34 41 1
34 39 1
34 46 1
34 44 1
34 49 1
34 43 1
34 50 1
34 54 1
35 46 1
35 55 1
35 37 1
35 36 1
35 58 1
35 49 1
35 45 1
35 38 1
35 50 1
35 59 1
35 42 1
35 52 1
35 41 1
35 40 1
35 51 1
35 43 1
36 38 1
36 39 1
36 58 1
36 50 1
36 47 1
36 45 1
36 49 1
36 53 1
36 51 1
36 41 1
36 46 1
36 59 1
36 55 1
36 52 1
36 54 1
36 42 1
36 48 1
37 55 1
37 47 1
37 46 1
37 39 1
37 45 1
37 48 1
37 57 1
37 59 1
37 54 1
37 43 1
37 58 1
37 51 1
37 49 1
37 41 1
37 50 1
37 40 1
37 42 1
37 53 1
37 52 1
37 56 1
38 57 1
38 59 1
38 42 1
38 41 1
38 58 1
38 48 1
38 51 1
38 45 1
38 44 1
38 46 1
38 52 1
38 39 1
38 40 1
38 47 1
38 54 1
38 50 1
38 43 1
39 58 1
39 43 1
39 41 1
39 57 1
39 46 1
39 47 1
39 48 1
39 54 1
39 51 1
39 52 1
39 42 1
39 55 1
39 49 1
39 53 1
40 59 1
40 46 1
40 54 1
40 42 1
40 52 1
40 55 1
40 47 1
40 58 1
40 45 1
40 49 1
40 48 1
40 56 1
41 57 1
41 50 1
41 47 1
41 45 1
41 55 1
41 52 1
41 49 1
41 59 1
41 58 1
41 48 1
41 42 1
41 46 1
41 43 1
42 48 1
42 56 1
42 58 1
42 52 1
42 55 1
42 44 1
42 46 1
42 50 1
42 54 1
42 53 1
42 59 1
42 51 1
42 43 1
42 49 1
43 48 1
43 52 1
43 58 1
43 55 1
43 45 1
43 46 1
43 50 1
43 54 1
43 49 1
43 57 1
43 56 1
43 47 1
43 51 1
43 59 1
44 48 1
44 49 1
44 45 1
44 57 1
44 52 1
44 54 1
44 59 1
44 50 1
44 56 1
44 53 1
44 51 1
44 58 1
44 55 1
45 58 1
45 55 1
45 56 1
45 57 1
45 59 1
45 49 1
45 47 1
45 54 1
45 48 1
45 50 1
45 53 1
45 51 1
45 52 1
46 58 1
46 48 1
46 54 1
46 50 1
46 53 1
46 47 1
46 51 1
46 55 1
46 59 1
46 57 1
46 52 1
47 57 1
47 55 1
47 54 1
47 48 1
47 56 1
47 58 1
47 49 1
47 53 1
47 50 1
47 51 1
48 54 1
48 55 1
48 57 1
48 53 1
48 49 1
48 58 1
48 56 1
48 52 1
48 50 1
48 59 1
49 54 1
49 53 1
49 56 1
49 50 1
49 57 1
49 59 1
49 58 1
50 57 1
50 54 1
50 51 1
50 52 1
50 58 1
50 56 1
50 59 1
51 55 1
51 59 1
51 58 1
51 52 1
51 57 1
51 53 1
52 53 1
52 55 1
52 56 1
53 54 1
53 55 1
53 57 1
53 56 1
53 59 1
54 56 1
54 59 1
54 55 1
54 57 1
55 56 1
55 57 1
56 57 1
57 58 1
58 59 1
