60
0 19 1
0 28 1
0 16 1
0 14 1
0 25 1
0 46 1
0 20 1
0 12 1
0 38 1
0 26 1
0 40 1
0 22 1
0 57 1
0 10 1
0 6 1
0 50 1
0 54 1
0 3 1
0 29 1
0 5 1
0 43 1
1 32 1
1 2 1
1 30 1
1 51 1
1 54 1
1 57 1
1 37 1
1 33 1
1 17 1
1 43 1
1 47 1
1 14 1
1 8 1
1 48 1
1 13 1
1 25 1
1 36 1
1 3 1
1 31 1
1 7 1
1 40 1
1 55 1
2 38 1
2 51 1
2 59 1
2 24 1
2 56 1
2 3 1
2 19 1
2 44 1
2 30 1
2 57 1
2 43 1
2 32 1
2 49 1
2 4 1
2 12 1
2 35 1
3 58 1
3 26 1
3 35 1
3 7 1
3 31 1
3 40 1
3 19 1
3 12 1
3 54 1
3 13 1
3 27 1
3 56 1
3 11 1
3 41 1
3 17 1
3 20 1
3 45 1
3 44 1
3 8 1
3 36 1
3 4 1
4 8 1
4 14 1
4 13 1
4 9 1
4 21 1
4 15 1
4 43 1
4 45 1
4 54 1
4 16 1
4 53 1
4 50 1
4 46 1
4 51 1
4 28 1
4 58 1
4 20 1
4 44 1
4 49 1
4 32 1
4 19 1
4 25 1
4 29 1
4 56 1
5 9 1
5 31 1
5 34 1
5 13 1
5 30 1
5 16 1
5 18 1
5 52 1
5 28 1
5 8 1
5 58 1
5 26 1
5 15 1
5 55 1
5 23 1
5 42 1
5 46 1
5 27 1
5 32 1
6 22 1
6 13 1
6 42 1
6 24 1
6 18 1
6 7 1
6 38 1
6 9 1
6 52 1
6 12 1
6 34 1
6 16 1
6 51 1
6 25 1
6 49 1
6 44 1
6 57 1
6 10 1
6 30 1
6 33 1
6 28 1
7 58 1
7 43 1
7 39 1
7 12 1
7 55 1
7 59 1
7 44 1
7 57 1
7 20 1
7 33 1
7 29 1
7 52 1
7 16 1
7 32 1
7 28 1
7 56 1
8 23 1
8 43 1
8 10 1
8 56 1
8 58 1
8 30 1
8 28 1
8 42 1
8 20 1
8 35 1
8 50 1
8 36 1
8 38 1
8 55 1
9 21 1
9 13 1
9 41 1
9 38 1
9 35 1
9 25 1
9 28 1
9 51 1
9 40 1
9 56 1
9 32 1
9 17 1
9 11 1
9 48 1
9 58 1
10 28 1
10 40 1
10 37 1
10 12 1
10 30 1
10 26 1
10 15 1
10 53 1
10 16 1
10 46 1
10 20 1
10 17 1
10 19 1
10 43 1
10 11 1
10 56 1
10 54 1
11 58 1
11 35 1
11 26 1
11 37 1
11 55 1
11 16 1
11 51 1
11 15 1
11 42 1
11 43 1
11 21 1
11 56 1
11 40 1
11 49 1
12 26 1
12 34 1
12 38 1
12 16 1
12 28 1
12 44 1
12 22 1
12 30 1
12 40 1
12 14 1
12 59 1
12 50 1
12 51 1
12 31 1
12 27 1
12 24 1
12 47 1
12 13 1
12 17 1
13 33 1
13 32 1
13 50 1
13 24 1
13 51 1
13 54 1
13 56 1
13 59 1
13 23 1
13 26 1
13 55 1
13 34 1
13 44 1
13 45 1
13 49 1
13 57 1
13 36 1
13 21 1
13 40 1
14 28 1
14 36 1
14 30 1
14 27 1
14 16 1
14 50 1
14 49 1
14 40 1
14 37 1
14 32 1
14 38 1
14 18 1
14 25 1
14 59 1
14 21 1
14 23 1
15 31 1
15 37 1
15 28 1
15 17 1
15 22 1
15 33 1
15 27 1
15 25 1
15 39 1
15 20 1
15 30 1
15 26 1
15 44 1
16 41 1
16 48 1
16 23 1
16 44 1
16 55 1
16 26 1
16 29 1
16 52 1
16 18 1
16 36 1
16 21 1
16 59 1
16 22 1
16 53 1
17 34 1
17 45 1
17 40 1
17 55 1
17 48 1
17 57 1
17 25 1
17 30 1
17 18 1
17 28 1
17 43 1
17 27 1
17 26 1
17 31 1
17 29 1
17 37 1
17 58 1
17 19 1
17 52 1
17 46 1
18 58 1
18 51 1
18 45 1
18 30 1
18 55 1
18 59 1
18 27 1
18 21 1
18 48 1
18 28 1
18 52 1
18 20 1
18 39 1
19 37 1
19 51 1
19 23 1
19 38 1
19 22 1
19 46 1
19 40 1
19 44 1
19 57 1
19 54 1
19 47 1
19 33 1
19 29 1
19 35 1
19 52 1
20 56 1
20 31 1
20 39 1
20 49 1
20 46 1
20 54 1
20 33 1
20 34 1
21 27 1
21 44 1
21 48 1
21 55 1
21 50 1
21 22 1
21 33 1
21 39 1
22 45 1
22 24 1
22 43 1
22 50 1
22 52 1
22 35 1
22 48 1
22 58 1
22 42 1
22 37 1
22 44 1
22 29 1
22 30 1
22 36 1
22 51 1
22 32 1
22 38 1
22 41 1
22 34 1
22 55 1
22 59 1
22 56 1
23 37 1
23 50 1
23 46 1
23 48 1
23 51 1
23 24 1
23 34 1
23 42 1
23 58 1
23 59 1
23 44 1
23 53 1
23 25 1
24 59 1
24 32 1
24 36 1
24 31 1
24 43 1
25 56 1
25 53 1
25 28 1
25 48 1
25 38 1
25 41 1
25 27 1
25 34 1
25 36 1
25 42 1
25 54 1
26 35 1
26 31 1
26 40 1
26 54 1
26 27 1
26 33 1
26 45 1
26 30 1
26 39 1
26 49 1
26 43 1
26 41 1
27 42 1
27 30 1
27 49 1
27 47 1
27 29 1
27 50 1
27 38 1
27 58 1
27 32 1
27 35 1
27 57 1
27 33 1
27 59 1
27 45 1
27 54 1
28 55 1
28 34 1
28 56 1
28 50 1
28 48 1
28 58 1
28 53 1
28 52 1
28 41 1
28 31 1
28 35 1
28 47 1
28 29 1
28 49 1
28 51 1
29 53 1
29 57 1
29 51 1
29 39 1
29 44 1
29 40 1
29 45 1
29 35 1
29 37 1
29 33 1
29 47 1
29 36 1
29 58 1
29 48 1
29 52 1
29 49 1
29 56 1
30 50 1
30 45 1
30 53 1
30 54 1
30 52 1
30 34 1
30 42 1
30 51 1
30 49 1
30 35 1
30 47 1
30 43 1
30 55 1
31 52 1
31 41 1
31 55 1
31 56 1
31 35 1
31 51 1
31 43 1
31 45 1
31 40 1
32 48 1
32 36 1
32 41 1
32 55 1
32 43 1
32 56 1
32 42 1
32 35 1
32 40 1
33 35 1
33 39 1
33 59 1
33 38 1
33 34 1
33 46 1
33 52 1
33 53 1
34 46 1
34 51 1
34 37 1
34 35 1
34 40 1
34 53 1
34 52 1
34 36 1
35 40 1
35 49 1
35 52 1
35 58 1
35 42 1
35 44 1
35 39 1
36 41 1
36 37 1
36 52 1
36 50 1
36 48 1
36 45 1
36 39 1
37 41 1
37 55 1
37 56 1
37 48 1
37 42 1
38 56 1
38 54 1
38 46 1
38 57 1
38 49 1
39 46 1
39 51 1
39 54 1
39 42 1
39 40 1
39 50 1
39 45 1
40 54 1
40 44 1
40 43 1
40 51 1
40 57 1
41 45 1
41 51 1
41 58 1
41 54 1
41 48 1
42 49 1
42 55 1
42 43 1
42 46 1
42 50 1
42 56 1
42 53 1
42 47 1
43 50 1
43 46 1
43 51 1
43 57 1
43 58 1
43 52 1
43 44 1
43 53 1
43 59 1
44 56 1
44 47 1
44 50 1
44 55 1
44 51 1
44 54 1
45 54 1
45 55 1
45 47 1
45 52 1
45 46 1
46 52 1
46 55 1
46 59 1
46 54 1
47 52 1
47 50 1
47 55 1
47 53 1
47 59 1
48 49 1
48 51 1
49 57 1
49 50 1
49 56 1
49 53 1
49 52 1
50 55 1
50 56 1
51 55 1
51 56 1
52 58 1
53 54 1
53 59 1
54 57 1
54 59 1
55 58 1
56 59 1
58 59 1
