60
0 42 1
0 29 1
0 53 1
0 20 1
0 9 1
0 40 1
0 55 1
0 45 1
0 23 1
0 25 1
0 37 1
0 38 1
0 41 1
0 5 1
0 16 1
0 28 1
0 1 1
1 33 1
1 21 1
1 30 1
1 43 1
1 11 1
1 31 1
1 34 1
1 51 1
1 2 1
1 25 1
1 8 1
1 18 1
1 37 1
1 35 1
1 9 1
1 32 1
1 27 1
1 42 1
1 46 1
1 38 1
1 59 1
1 40 1
1 16 1
1 48 1
2 41 1
2 4 1
2 38 1
2 32 1
2 45 1
2 23 1
2 28 1
2 59 1
2 55 1
2 58 1
2 37 1
2 54 1
2 19 1
2 36 1
2 43 1
2 10 1
2 42 1
2 29 1
2 49 1
2 56 1
3 6 1
3 35 1
3 51 1
3 27 1
3 20 1
3 47 1
3 34 1
3 4 1
3 12 1
3 43 1
3 24 1
3 39 1
3 31 1
3 19 1
3 49 1
3 41 1
3 55 1
3 52 1
3 28 1
3 7 1
3 59 1
3 58 1
3 22 1
4 27 1
4 33 1
4 5 1
4 58 1
4 13 1
4 56 1
4 59 1
4 26 1
4 11 1
4 50 1
4 43 1
4 21 1
4 48 1
4 36 1
4 9 1
4 22 1
5 22 1
5 50 1
5 56 1
5 18 1
5 54 1
5 33 1
5 55 1
5 46 1
5 24 1
5 57 1
5 29 1
5 45 1
5 40 1
5 59 1
5 17 1
5 26 1
5 37 1
5 20 1
5 6 1
5 36 1
5 27 1
5 43 1
6 34 1
6 26 1
6 11 1
6 32 1
6 16 1
6 38 1
6 22 1
6 57 1
6 20 1
6 33 1
6 31 1
6 19 1
6 50 1
6 49 1
6 46 1
6 53 1
6 10 1
6 36 1
6 29 1
7 47 1
7 34 1
7 32 1
7 14 1
7 43 1
7 38 1
7 39 1
7 48 1
7 44 1
7 49 1
7 36 1
7 25 1
7 35 1
7 58 1
7 8 1
7 12 1
7 26 1
7 16 1
7 42 1
7 46 1
7 55 1
7 57 1
7 50 1
8 15 1
8 43 1
8 55 1
8 32 1
8 9 1
8 27 1
8 26 1
8 31 1
8 52 1
8 56 1
8 11 1
8 25 1
8 44 1
8 21 1
8 28 1
8 10 1
8 12 1
8 45 1
9 36 1
9 21 1
9 34 1
9 41 1
9 22 1
9 11 1
9 51 1
9 15 1
9 49 1
9 38 1
9 18 1
9 16 1
9 10 1
9 27 1
9 46 1
9 14 1
9 25 1
9 56 1
10 22 1
10 26 1
10 53 1
10 51 1
10 39 1
10 44 1
10 21 1
10 24 1
10 29 1
10 20 1
10 14 1
10 19 1
10 45 1
10 16 1
10 46 1
11 35 1
11 37 1
11 46 1
11 47 1
11 13 1
11 16 1
11 21 1
11 41 1
11 22 1
11 23 1
11 54 1
11 38 1
11 59 1
11 32 1
11 40 1
11 39 1
11 31 1
11 58 1
11 27 1
12 38 1
12 39 1
12 36 1
12 21 1
12 52 1
12 17 1
12 33 1
12 26 1
12 29 1
12 28 1
12 25 1
12 47 1
12 43 1
12 44 1
12 55 1
12 50 1
13 15 1
13 19 1
13 31 1
13 23 1
13 52 1
13 35 1
13 50 1
13 48 1
13 45 1
13 16 1
13 22 1
13 24 1
13 40 1
13 25 1
13 28 1
13 55 1
13 34 1
14 41 1
14 40 1
14 37 1
14 27 1
14 58 1
14 38 1
14 19 1
14 53 1
14 57 1
14 54 1
14 45 1
14 32 1
14 50 1
14 46 1
14 33 1
14 18 1
14 35 1
14 42 1
14 25 1
15 41 1
15 46 1
15 19 1
15 59 1
15 52 1
15 18 1
15 25 1
15 28 1
15 54 1
15 22 1
15 33 1
15 37 1
15 32 1
15 17 1
15 47 1
15 39 1
15 20 1
15 40 1
15 34 1
16 36 1
16 19 1
16 20 1
16 41 1
16 49 1
16 44 1
16 26 1
16 42 1
16 23 1
16 30 1
16 52 1
16 58 1
16 28 1
17 24 1
17 36 1
17 50 1
17 42 1
17 47 1
17 38 1
17 48 1
17 43 1
17 30 1
17 56 1
18 22 1
18 39 1
18 32 1
18 36 1
18 43 1
18 51 1
18 28 1
18 49 1
18 55 1
18 42 1
18 45 1
18 23 1
18 58 1
18 48 1
18 26 1
18 37 1
19 37 1
19 34 1
19 49 1
19 56 1
19 27 1
19 57 1
19 43 1
19 48 1
20 33 1
20 21 1
20 23 1
20 32 1
20 52 1
20 39 1
20 50 1
20 37 1
20 34 1
20 22 1
20 53 1
20 46 1
20 49 1
20 51 1
20 45 1
21 40 1
21 38 1
21 30 1
21 36 1
21 35 1
21 28 1
21 55 1
21 45 1
21 37 1
21 46 1
21 34 1
21 59 1
21 41 1
21 42 1
22 47 1
22 33 1
22 53 1
22 37 1
22 57 1
22 32 1
22 59 1
22 41 1
22 29 1
22 43 1
22 35 1
22 56 1
22 23 1
22 27 1
22 54 1
22 34 1
22 39 1
23 28 1
23 32 1
23 43 1
23 59 1
23 37 1
23 25 1
23 27 1
23 48 1
23 56 1
23 29 1
23 36 1
23 57 1
23 45 1
24 54 1
24 47 1
24 40 1
24 32 1
24 52 1
24 31 1
24 58 1
24 45 1
24 38 1
24 39 1
25 40 1
25 45 1
25 32 1
25 44 1
26 47 1
26 49 1
26 57 1
26 34 1
26 55 1
26 29 1
26 52 1
26 35 1
26 36 1
26 50 1
26 42 1
26 28 1
26 27 1
26 33 1
26 39 1
26 41 1
27 28 1
27 49 1
27 42 1
27 32 1
27 48 1
27 34 1
27 54 1
27 47 1
27 46 1
27 41 1
27 45 1
27 59 1
27 55 1
27 44 1
27 50 1
27 40 1
28 50 1
28 45 1
28 44 1
28 49 1
28 59 1
28 43 1
28 30 1
28 42 1
28 38 1
28 55 1
29 35 1
29 33 1
29 38 1
29 59 1
29 40 1
29 32 1
29 56 1
29 37 1
29 44 1
30 31 1
30 32 1
30 51 1
30 53 1
30 46 1
30 52 1
30 37 1
30 35 1
31 42 1
31 36 1
31 37 1
31 46 1
31 51 1
31 57 1
31 55 1
31 58 1
32 33 1
32 58 1
32 41 1
32 59 1
32 42 1
32 49 1
32 54 1
33 53 1
33 36 1
33 59 1
33 37 1
33 48 1
33 38 1
33 52 1
33 46 1
33 39 1
33 56 1
33 40 1
33 49 1
33 43 1
34 56 1
34 51 1
34 45 1
34 50 1
34 57 1
34 52 1
34 35 1
35 47 1
35 52 1
35 49 1
35 51 1
35 54 1
35 36 1
36 40 1
36 47 1
36 53 1
36 52 1
36 37 1
36 56 1
37 58 1
37 49 1
37 40 1
37 54 1
37 38 1
37 53 1
38 40 1
38 42 1
38 51 1
38 45 1
38 46 1
38 43 1
38 48 1
38 52 1
38 50 1
38 58 1
39 46 1
39 53 1
39 58 1
39 44 1
39 51 1
39 57 1
39 45 1
40 55 1
40 58 1
40 53 1
41 44 1
41 47 1
41 52 1
41 48 1
41 43 1
41 54 1
41 55 1
42 47 1
42 59 1
42 55 1
42 57 1
42 43 1
42 50 1
42 56 1
42 48 1
42 52 1
42 46 1
43 54 1
43 53 1
43 45 1
43 58 1
43 49 1
43 52 1
43 55 1
43 50 1
43 47 1
43 44 1
43 51 1
44 49 1
44 59 1
44 51 1
44 56 1
44 54 1
44 50 1
44 53 1
45 48 1
45 49 1
46 57 1
47 48 1
47 52 1
47 50 1
47 58 1
48 55 1
48 52 1
48 51 1
48 49 1
48 54 1
48 53 1
49 51 1
49 50 1
49 59 1
49 55 1
50 56 1
50 58 1
50 57 1
51 52 1
51 56 1
52 59 1
52 58 1
53 54 1
56 59 1
57 59 1
