60
0 52 1
0 58 1
0 25 1
0 4 1
0 30 1
0 32 1
0 23 1
0 22 1
0 17 1
0 39 1
0 45 1
0 3 1
0 9 1
0 34 1
0 31 1
0 6 1
0 59 1
0 41 1
0 2 1
0 13 1
0 54 1
1 26 1
1 5 1
1 3 1
1 34 1
1 19 1
1 28 1
1 20 1
1 30 1
1 9 1
1 13 1
1 15 1
1 7 1
1 54 1
1 23 1
1 32 1
1 10 1
1 11 1
1 14 1
1 43 1
1 37 1
1 59 1
2 34 1
2 47 1
2 3 1
2 12 1
2 38 1
2 36 1
2 51 1
2 4 1
2 44 1
2 17 1
2 23 1
2 20 1
2 57 1
2 46 1
2 37 1
2 29 1
2 40 1
2 55 1
2 48 1
2 41 1
2 9 1
2 32 1
3 55 1
3 36 1
3 44 1
3 5 1
3 16 1
3 54 1
3 45 1
3 35 1
3 23 1
3 46 1
3 27 1
3 41 1
3 31 1
3 13 1
3 38 1
3 40 1
4 54 1
4 51 1
4 6 1
4 19 1
4 17 1
4 32 1
4 34 1
4 59 1
4 26 1
4 37 1
4 22 1
4 25 1
4 57 1
4 9 1
4 13 1
4 56 1
4 55 1
4 18 1
4 45 1
4 7 1
4 20 1
4 31 1
4 36 1
5 37 1
5 34 1
5 6 1
5 49 1
5 55 1
5 57 1
5 28 1
5 31 1
5 22 1
5 18 1
5 20 1
5 56 1
5 30 1
5 40 1
5 52 1
5 24 1
5 29 1
5 32 1
5 25 1
6 16 1
6 49 1
6 15 1
6 56 1
6 34 1
6 55 1
6 28 1
6 22 1
6 46 1
6 23 1
6 52 1
6 44 1
6 31 1
6 48 1
6 35 1
6 40 1
6 9 1
6 25 1
6 43 1
6 14 1
7 44 1
7 33 1
7 27 1
7 55 1
7 43 1
7 46 1
7 17 1
7 54 1
7 35 1
7 31 1
7 37 1
7 12 1
7 25 1
7 8 1
7 41 1
7 51 1
8 32 1
8 47 1
8 13 1
8 56 1
8 15 1
8 57 1
8 31 1
8 23 1
8 28 1
8 48 1
8 49 1
8 10 1
8 41 1
8 45 1
8 40 1
8 55 1
8 53 1
8 12 1
8 20 1
8 44 1
8 38 1
8 19 1
8 22 1
8 42 1
9 24 1
9 38 1
9 13 1
9 16 1
9 31 1
9 29 1
9 49 1
9 10 1
9 47 1
9 50 1
9 48 1
9 39 1
9 37 1
9 34 1
9 41 1
9 22 1
9 56 1
9 26 1
9 18 1
9 21 1
9 54 1
10 28 1
10 14 1
10 50 1
10 37 1
10 46 1
10 33 1
10 52 1
10 53 1
10 12 1
10 25 1
10 51 1
10 31 1
10 23 1
11 48 1
11 20 1
11 36 1
11 35 1
11 42 1
11 26 1
11 28 1
11 41 1
11 38 1
11 59 1
11 17 1
11 56 1
11 40 1
11 29 1
11 14 1
12 28 1
12 41 1
12 49 1
12 24 1
12 59 1
12 29 1
12 42 1
12 25 1
12 18 1
12 20 1
12 31 1
12 55 1
12 54 1
12 17 1
12 56 1
13 14 1
13 22 1
13 52 1
13 17 1
13 55 1
13 30 1
13 34 1
13 33 1
13 16 1
13 26 1
14 17 1
14 16 1
14 25 1
14 48 1
14 23 1
14 24 1
14 49 1
14 52 1
14 37 1
14 20 1
14 19 1
14 50 1
14 54 1
14 39 1
15 36 1
15 40 1
15 25 1
15 42 1
15 38 1
15 50 1
15 54 1
15 20 1
15 48 1
15 32 1
15 22 1
15 29 1
15 18 1
15 26 1
16 59 1
16 30 1
16 45 1
16 41 1
16 33 1
16 44 1
16 21 1
16 56 1
16 31 1
16 18 1
16 50 1
16 23 1
16 32 1
16 51 1
17 40 1
17 46 1
17 37 1
17 39 1
17 55 1
17 44 1
17 58 1
17 22 1
17 54 1
17 59 1
17 52 1
17 31 1
17 30 1
17 33 1
17 28 1
17 34 1
18 21 1
18 28 1
18 23 1
18 32 1
18 51 1
18 39 1
18 25 1
18 59 1
18 20 1
18 57 1
18 56 1
19 58 1
19 21 1
19 40 1
19 47 1
19 53 1
19 42 1
19 37 1
19 59 1
19 30 1
19 22 1
19 41 1
19 20 1
20 21 1
20 35 1
20 53 1
20 50 1
20 49 1
20 30 1
20 25 1
20 24 1
20 41 1
20 58 1
21 26 1
21 37 1
21 23 1
21 24 1
21 34 1
21 46 1
21 29 1
21 42 1
21 32 1
21 43 1
21 35 1
21 55 1
21 50 1
21 59 1
22 32 1
22 41 1
22 27 1
22 49 1
22 39 1
22 37 1
22 25 1
22 29 1
22 59 1
22 24 1
22 36 1
22 45 1
22 35 1
22 53 1
22 56 1
22 52 1
22 23 1
22 47 1
22 38 1
22 34 1
22 51 1
22 26 1
22 30 1
23 30 1
23 24 1
23 37 1
23 56 1
23 34 1
23 55 1
23 39 1
23 58 1
23 32 1
23 25 1
23 38 1
23 54 1
24 51 1
24 46 1
24 32 1
24 35 1
24 36 1
24 34 1
24 50 1
24 52 1
25 27 1
25 46 1
25 30 1
25 41 1
25 31 1
25 34 1
25 53 1
25 33 1
25 42 1
25 29 1
25 54 1
25 51 1
26 57 1
26 49 1
26 54 1
26 33 1
26 39 1
26 59 1
26 46 1
26 40 1
26 31 1
27 50 1
27 42 1
27 49 1
27 57 1
27 38 1
27 45 1
27 59 1
27 48 1
27 28 1
28 33 1
28 32 1
28 50 1
28 51 1
28 57 1
28 39 1
28 40 1
28 35 1
28 59 1
28 29 1
29 57 1
29 54 1
29 42 1
29 47 1
29 51 1
29 36 1
29 33 1
29 58 1
29 35 1
29 30 1
29 49 1
29 43 1
29 40 1
30 54 1
30 43 1
30 34 1
30 39 1
30 53 1
30 59 1
30 33 1
30 45 1
30 50 1
30 47 1
30 35 1
30 51 1
30 58 1
30 31 1
30 46 1
31 56 1
31 57 1
31 59 1
31 32 1
31 35 1
31 37 1
31 39 1
31 55 1
31 44 1
31 34 1
32 55 1
32 38 1
32 54 1
32 45 1
32 58 1
32 41 1
32 37 1
33 40 1
33 54 1
33 41 1
33 59 1
33 36 1
33 45 1
33 55 1
33 35 1
33 46 1
33 57 1
33 53 1
33 56 1
33 47 1
33 43 1
34 41 1
34 56 1
34 36 1
34 47 1
34 54 1
34 59 1
34 57 1
34 44 1
34 46 1
35 42 1
35 59 1
35 50 1
35 51 1
35 44 1
35 46 1
35 40 1
35 52 1
35 38 1
35 45 1
36 45 1
36 38 1
36 42 1
36 47 1
36 58 1
36 55 1
36 48 1
36 43 1
36 52 1
36 37 1
37 43 1
37 44 1
37 42 1
37 55 1
37 52 1
37 58 1
37 47 1
37 53 1
37 45 1
38 47 1
38 39 1
38 42 1
38 48 1
38 45 1
39 49 1
39 59 1
39 47 1
39 44 1
39 57 1
39 51 1
40 46 1
40 44 1
40 55 1
40 59 1
40 58 1
40 41 1
40 54 1
41 53 1
41 42 1
41 43 1
41 49 1
41 51 1
42 55 1
42 58 1
42 59 1
43 52 1
43 51 1
43 47 1
43 44 1
43 45 1
43 46 1
43 56 1
43 59 1
44 51 1
44 56 1
44 59 1
44 57 1
45 50 1
45 56 1
45 58 1
45 49 1
45 48 1
46 55 1
46 58 1
46 48 1
46 54 1
46 52 1
46 47 1
47 56 1
47 51 1
47 57 1
47 49 1
48 58 1
48 56 1
48 55 1
48 54 1
48 51 1
49 51 1
50 54 1
50 55 1
50 58 1
51 52 1
51 58 1
51 56 1
52 58 1
52 54 1
52 55 1
53 55 1
53 59 1
53 57 1
54 55 1
55 57 1
55 58 1
56 59 1
56 58 1
57 59 1
58 59 1
