60
0 31 1
0 19 1
0 13 1
0 9 1
0 48 1
0 5 1
0 11 1
0 56 1
0 20 1
0 35 1
0 21 1
0 43 1
0 41 1
0 29 1
0 59 1
0 33 1
0 40 1
0 54 1
0 17 1
0 14 1
0 57 1
0 2 1
0 25 1
0 8 1
0 47 1
1 27 1
1 29 1
1 25 1
1 15 1
1 35 1
1 41 1
1 33 1
1 54 1
1 21 1
1 5 1
1 19 1
1 3 1
1 59 1
1 28 1
1 30 1
1 34 1
1 13 1
1 20 1
2 51 1
2 36 1
2 12 1
2 52 1
2 18 1
2 55 1
2 23 1
2 29 1
2 38 1
2 28 1
2 53 1
2 48 1
2 5 1
2 15 1
2 57 1
2 45 1
2 9 1
2 19 1
3 23 1
3 31 1
3 16 1
3 55 1
3 10 1
3 7 1
3 12 1
3 28 1
3 34 1
3 22 1
3 53 1
3 41 1
3 18 1
3 4 1
3 27 1
3 20 1
3 9 1
3 35 1
3 45 1
3 26 1
3 17 1
3 40 1
3 32 1
3 57 1
3 8 1
4 47 1
4 58 1
4 21 1
4 14 1
4 22 1
4 18 1
4 35 1
4 30 1
4 29 1
4 52 1
4 54 1
4 5 1
4 25 1
4 10 1
4 26 1
4 42 1
4 23 1
4 41 1
4 48 1
4 11 1
4 38 1
4 6 1
5 7 1
5 14 1
5 6 1
5 33 1
5 17 1
5 47 1
5 41 1
5 25 1
5 52 1
5 51 1
5 8 1
6 23 1
6 34 1
6 51 1
6 7 1
6 25 1
6 16 1
6 53 1
6 11 1
6 26 1
6 39 1
6 18 1
6 56 1
6 46 1
6 10 1
6 22 1
6 57 1
6 41 1
6 32 1
6 27 1
6 13 1
6 47 1
6 24 1
6 28 1
6 40 1
6 54 1
6 43 1
6 31 1
7 26 1
7 11 1
7 42 1
7 38 1
7 51 1
7 52 1
7 34 1
7 50 1
7 58 1
7 56 1
7 14 1
8 13 1
8 57 1
8 38 1
8 35 1
8 50 1
8 28 1
8 20 1
8 48 1
8 46 1
8 30 1
8 45 1
8 12 1
8 43 1
8 37 1
8 33 1
8 52 1
8 23 1
8 55 1
8 53 1
8 15 1
9 22 1
9 33 1
9 29 1
9 30 1
9 15 1
9 23 1
9 35 1
9 34 1
9 39 1
9 10 1
9 16 1
9 54 1
9 26 1
9 14 1
9 59 1
10 54 1
10 52 1
10 59 1
10 37 1
10 18 1
10 24 1
10 49 1
10 46 1
10 48 1
10 17 1
10 27 1
10 57 1
10 34 1
10 35 1
10 22 1
10 50 1
10 47 1
10 53 1
10 25 1
10 29 1
10 55 1
11 27 1
11 14 1
11 57 1
11 48 1
11 35 1
11 36 1
11 12 1
11 16 1
11 49 1
11 18 1
11 30 1
11 45 1
11 21 1
11 50 1
11 38 1
11 19 1
11 46 1
11 59 1
11 24 1
12 42 1
12 57 1
12 13 1
12 38 1
12 51 1
12 43 1
12 40 1
12 29 1
12 36 1
12 20 1
12 58 1
12 37 1
12 33 1
13 55 1
13 42 1
13 21 1
13 49 1
13 52 1
13 41 1
13 34 1
13 22 1
13 14 1
13 37 1
13 26 1
13 50 1
13 56 1
13 30 1
13 23 1
13 48 1
14 32 1
14 23 1
14 20 1
14 31 1
14 48 1
14 28 1
14 56 1
14 15 1
14 26 1
14 29 1
14 35 1
14 46 1
14 54 1
14 27 1
14 53 1
14 17 1
14 49 1
14 24 1
14 33 1
15 42 1
15 38 1
15 36 1
15 35 1
15 49 1
15 59 1
15 57 1
15 32 1
15 56 1
15 58 1
15 46 1
15 51 1
15 31 1
15 44 1
15 34 1
16 53 1
16 49 1
16 48 1
16 59 1
16 32 1
16 55 1
16 25 1
16 33 1
16 39 1
16 41 1
16 38 1
16 26 1
17 49 1
17 20 1
17 34 1
17 59 1
17 56 1
17 42 1
17 21 1
17 54 1
17 51 1
17 37 1
17 30 1
17 55 1
17 33 1
17 43 1
18 57 1
18 41 1
18 55 1
18 28 1
18 54 1
18 34 1
18 35 1
18 22 1
18 52 1
18 45 1
18 30 1
18 56 1
19 28 1
19 38 1
19 54 1
19 44 1
19 59 1
19 50 1
19 51 1
19 35 1
19 21 1
19 29 1
19 40 1
19 26 1
19 55 1
19 32 1
20 49 1
20 55 1
20 54 1
20 25 1
20 33 1
20 44 1
20 41 1
20 52 1
20 42 1
20 32 1
20 21 1
20 35 1
20 39 1
20 53 1
21 54 1
21 42 1
21 53 1
21 40 1
21 51 1
21 29 1
21 33 1
21 28 1
21 57 1
21 38 1
21 30 1
21 47 1
21 55 1
22 40 1
22 47 1
22 56 1
22 55 1
22 27 1
22 50 1
22 25 1
22 32 1
22 46 1
22 58 1
22 54 1
22 38 1
23 31 1
23 40 1
23 35 1
23 48 1
23 29 1
23 34 1
23 55 1
23 47 1
23 27 1
23 26 1
23 30 1
23 39 1
23 49 1
23 52 1
24 47 1
24 37 1
24 40 1
24 52 1
24 50 1
24 41 1
24 42 1
24 27 1
25 58 1
25 55 1
25 33 1
25 48 1
25 54 1
25 51 1
25 36 1
25 34 1
25 39 1
25 32 1
25 56 1
25 29 1
25 30 1
26 50 1
26 37 1
26 39 1
26 29 1
26 59 1
26 44 1
26 51 1
26 58 1
26 47 1
26 57 1
26 49 1
27 47 1
27 48 1
27 58 1
27 33 1
27 38 1
27 44 1
27 32 1
27 45 1
27 55 1
27 36 1
27 42 1
27 53 1
27 56 1
28 47 1
28 37 1
28 56 1
28 39 1
28 31 1
28 33 1
28 48 1
29 33 1
29 47 1
29 40 1
29 46 1
29 43 1
29 48 1
29 42 1
29 32 1
29 54 1
29 31 1
29 50 1
29 37 1
29 59 1
30 34 1
30 53 1
30 47 1
30 43 1
30 37 1
30 44 1
30 50 1
30 42 1
30 33 1
30 56 1
31 48 1
31 33 1
31 39 1
31 58 1
31 35 1
31 36 1
31 51 1
31 50 1
31 42 1
31 45 1
31 49 1
31 54 1
31 40 1
31 43 1
31 37 1
32 41 1
32 55 1
32 36 1
32 35 1
32 59 1
32 33 1
32 49 1
33 57 1
33 50 1
33 56 1
33 37 1
33 46 1
33 52 1
33 55 1
33 51 1
33 43 1
34 35 1
34 51 1
34 41 1
34 55 1
34 37 1
34 36 1
34 45 1
35 38 1
35 37 1
35 40 1
35 53 1
35 59 1
35 44 1
36 43 1
36 45 1
36 42 1
36 58 1
36 46 1
36 54 1
37 46 1
37 59 1
37 45 1
37 54 1
37 40 1
37 57 1
37 48 1
37 58 1
37 39 1
37 50 1
37 51 1
38 53 1
38 40 1
38 49 1
38 51 1
38 44 1
38 48 1
38 55 1
38 59 1
38 57 1
38 52 1
38 39 1
39 53 1
39 59 1
39 41 1
39 47 1
40 58 1
40 56 1
40 47 1
40 44 1
40 57 1
40 52 1
40 54 1
40 46 1
40 43 1
40 59 1
41 52 1
41 47 1
41 48 1
41 43 1
41 56 1
42 59 1
42 52 1
42 44 1
42 50 1
42 46 1
42 55 1
42 48 1
43 46 1
43 59 1
43 50 1
43 52 1
43 49 1
43 51 1
44 52 1
44 45 1
45 47 1
45 57 1
45 50 1
45 46 1
45 55 1
45 51 1
45 54 1
45 53 1
46 50 1
46 47 1
46 55 1
46 48 1
46 57 1
47 58 1
47 49 1
47 59 1
47 50 1
47 51 1
48 55 1
48 49 1
48 52 1
48 54 1
49 54 1
49 52 1
49 51 1
49 59 1
50 53 1
50 55 1
51 55 1
51 53 1
52 56 1
53 54 1
53 58 1
54 58 1
55 56 1
56 58 1
56 59 1
57 59 1
