60
0 38 1
0 33 1
0 58 1
0 48 1
0 41 1
0 13 1
0 1 1
0 59 1
0 36 1
0 37 1
0 27 1
0 51 1
0 46 1
0 19 1
0 53 1
0 35 1
0 10 1
0 21 1
0 11 1
0 28 1
0 16 1
0 52 1
0 54 1
0 26 1
0 30 1
1 32 1
1 12 1
1 26 1
1 4 1
1 7 1
1 48 1
1 55 1
1 19 1
1 8 1
1 44 1
1 34 1
1 57 1
1 23 1
1 41 1
1 47 1
1 25 1
2 17 1
2 46 1
2 5 1
2 21 1
2 15 1
2 28 1
2 32 1
2 4 1
2 57 1
2 36 1
2 43 1
2 30 1
2 50 1
2 34 1
2 47 1
2 3 1
2 8 1
2 59 1
2 42 1
2 11 1
2 58 1
2 31 1
2 10 1
3 52 1
3 40 1
3 9 1
3 45 1
3 13 1
3 21 1
3 43 1
3 19 1
3 7 1
3 37 1
3 41 1
3 22 1
3 54 1
3 46 1
3 11 1
3 30 1
3 38 1
3 23 1
3 27 1
3 36 1
3 35 1
4 32 1
4 44 1
4 51 1
4 23 1
4 27 1
4 40 1
4 13 1
4 33 1
4 20 1
4 10 1
4 50 1
4 8 1
4 7 1
4 53 1
4 5 1
4 45 1
4 16 1
4 48 1
4 25 1
4 14 1
4 11 1
4 47 1
4 46 1
4 52 1
5 10 1
5 51 1
5 36 1
5 59 1
5 32 1
5 49 1
5 20 1
5 24 1
5 28 1
5 26 1
5 57 1
5 55 1
5 34 1
5 44 1
5 47 1
6 36 1
6 34 1
6 16 1
6 50 1
6 19 1
6 40 1
6 30 1
6 58 1
6 31 1
6 28 1
6 56 1
6 53 1
6 32 1
6 24 1
6 38 1
6 13 1
6 39 1
7 36 1
7 27 1
7 8 1
7 13 1
7 50 1
7 26 1
7 42 1
7 10 1
7 53 1
7 32 1
7 44 1
7 43 1
7 46 1
7 14 1
7 25 1
7 47 1
8 52 1
8 27 1
8 56 1
8 15 1
8 49 1
8 31 1
8 20 1
8 21 1
8 39 1
8 26 1
8 29 1
8 32 1
8 10 1
8 35 1
8 40 1
8 23 1
8 16 1
8 59 1
8 14 1
8 55 1
8 48 1
8 51 1
8 33 1
9 36 1
9 43 1
9 29 1
9 10 1
9 16 1
9 25 1
9 31 1
9 19 1
9 30 1
9 23 1
9 13 1
9 11 1
9 51 1
9 46 1
9 15 1
9 20 1
9 34 1
9 45 1
9 57 1
10 16 1
10 44 1
10 12 1
10 50 1
10 24 1
10 32 1
10 48 1
10 46 1
10 36 1
10 38 1
11 40 1
11 42 1
11 29 1
11 57 1
11 48 1
11 55 1
11 23 1
11 26 1
11 35 1
11 34 1
11 16 1
11 51 1
11 27 1
11 37 1
11 54 1
11 43 1
11 22 1
11 45 1
11 31 1
12 13 1
12 28 1
12 20 1
12 25 1
12 52 1
12 44 1
12 50 1
12 42 1
12 16 1
12 15 1
12 21 1
12 24 1
12 18 1
12 47 1
12 14 1
12 37 1
12 55 1
12 59 1
12 41 1
13 54 1
13 36 1
13 55 1
13 50 1
13 34 1
13 24 1
13 41 1
13 20 1
13 16 1
13 32 1
13 51 1
13 35 1
13 15 1
13 49 1
13 21 1
14 24 1
14 43 1
14 38 1
14 56 1
14 39 1
14 49 1
14 47 1
14 50 1
14 46 1
14 30 1
14 59 1
14 52 1
14 26 1
14 57 1
15 59 1
15 52 1
15 22 1
15 42 1
15 19 1
15 51 1
15 36 1
15 43 1
15 17 1
15 33 1
15 27 1
15 47 1
15 34 1
15 38 1
15 55 1
16 40 1
16 52 1
16 47 1
16 49 1
16 58 1
16 57 1
16 33 1
16 21 1
16 36 1
16 34 1
16 30 1
16 59 1
16 56 1
16 51 1
16 38 1
16 55 1
16 29 1
17 44 1
17 25 1
17 28 1
17 54 1
17 39 1
17 36 1
17 38 1
17 18 1
17 51 1
17 34 1
17 56 1
17 48 1
18 33 1
18 20 1
18 45 1
18 27 1
18 52 1
18 26 1
18 21 1
18 38 1
18 29 1
18 30 1
18 37 1
18 53 1
19 42 1
19 25 1
19 21 1
19 28 1
19 29 1
19 40 1
19 50 1
19 46 1
19 59 1
19 49 1
19 30 1
19 55 1
19 35 1
19 27 1
19 22 1
19 47 1
20 23 1
20 39 1
20 25 1
20 38 1
20 34 1
20 47 1
20 31 1
20 50 1
20 44 1
20 28 1
21 27 1
21 35 1
21 31 1
21 54 1
21 42 1
21 26 1
21 22 1
21 44 1
21 37 1
21 29 1
21 43 1
21 32 1
21 24 1
21 57 1
21 25 1
22 26 1
22 57 1
22 23 1
22 30 1
22 36 1
22 48 1
22 35 1
22 40 1
22 49 1
22 54 1
22 37 1
22 24 1
22 44 1
22 53 1
23 50 1
23 32 1
23 46 1
23 24 1
23 30 1
23 37 1
23 53 1
23 51 1
23 29 1
23 52 1
23 33 1
23 47 1
23 44 1
23 43 1
24 39 1
24 34 1
24 31 1
24 38 1
24 32 1
24 53 1
24 27 1
24 45 1
24 44 1
25 38 1
25 35 1
25 36 1
25 33 1
25 48 1
25 59 1
25 39 1
25 32 1
25 46 1
25 31 1
25 41 1
26 57 1
26 54 1
26 45 1
26 35 1
26 33 1
26 52 1
26 38 1
26 56 1
26 55 1
26 49 1
26 46 1
26 27 1
27 44 1
27 37 1
27 34 1
27 32 1
27 35 1
27 47 1
27 29 1
27 48 1
27 56 1
27 39 1
27 59 1
27 53 1
27 42 1
27 58 1
28 47 1
28 54 1
28 51 1
28 50 1
28 48 1
28 31 1
28 59 1
28 40 1
28 32 1
28 42 1
29 40 1
29 52 1
29 49 1
29 53 1
29 37 1
29 54 1
29 31 1
29 30 1
29 34 1
29 57 1
29 36 1
29 56 1
30 38 1
30 54 1
30 36 1
30 41 1
30 33 1
30 35 1
30 34 1
30 56 1
30 57 1
30 44 1
31 32 1
31 54 1
31 37 1
31 44 1
31 51 1
31 42 1
31 38 1
31 57 1
31 35 1
31 39 1
31 43 1
31 56 1
31 36 1
32 55 1
32 44 1
32 33 1
32 37 1
32 51 1
32 59 1
32 48 1
32 50 1
32 46 1
32 45 1
32 43 1
32 35 1
33 36 1
33 34 1
33 42 1
33 39 1
33 45 1
33 41 1
33 48 1
34 40 1
34 59 1
34 55 1
34 37 1
34 56 1
34 36 1
35 59 1
35 50 1
35 39 1
35 52 1
35 46 1
35 41 1
35 48 1
35 54 1
35 49 1
35 56 1
35 40 1
36 47 1
36 44 1
36 46 1
36 57 1
36 41 1
36 50 1
36 38 1
36 51 1
36 49 1
36 58 1
36 40 1
37 57 1
37 38 1
37 47 1
37 55 1
37 40 1
37 45 1
37 53 1
38 58 1
38 56 1
38 48 1
38 54 1
38 57 1
38 47 1
39 51 1
39 57 1
39 59 1
39 53 1
39 42 1
39 44 1
39 55 1
40 47 1
40 41 1
40 56 1
40 57 1
40 43 1
40 59 1
40 42 1
40 52 1
41 47 1
41 51 1
41 53 1
41 52 1
41 45 1
41 49 1
42 52 1
42 55 1
42 54 1
42 47 1
42 46 1
43 44 1
43 48 1
43 46 1
43 52 1
43 51 1
44 48 1
44 50 1
45 53 1
45 58 1
45 54 1
45 52 1
45 55 1
46 48 1
46 53 1
46 56 1
46 59 1
46 50 1
46 54 1
46 57 1
46 52 1
47 48 1
47 54 1
47 58 1
48 52 1
49 52 1
49 53 1
49 54 1
50 51 1
50 54 1
50 58 1
51 52 1
51 55 1
51 54 1
52 56 1
52 53 1
53 59 1
53 57 1
54 58 1
55 58 1
55 56 1
55 59 1
