60
0 38 1
0 51 1
0 58 1
0 27 1
0 6 1
0 59 1
0 25 1
0 44 1
0 41 1
0 52 1
0 1 1
0 21 1
0 12 1
0 50 1
0 39 1
0 10 1
0 33 1
0 35 1
0 8 1
0 42 1
1 39 1
1 47 1
1 30 1
1 25 1
1 22 1
1 16 1
1 51 1
1 57 1
1 41 1
1 26 1
1 6 1
1 36 1
1 5 1
1 35 1
1 7 1
1 12 1
1 32 1
1 10 1
2 12 1
2 15 1
2 43 1
2 56 1
2 3 1
2 39 1
2 22 1
2 31 1
2 30 1
2 25 1
2 41 1
2 47 1
2 35 1
2 34 1
2 45 1
2 16 1
2 23 1
2 37 1
2 59 1
3 58 1
3 44 1
3 38 1
3 54 1
3 41 1
3 39 1
3 24 1
3 51 1
3 21 1
3 16 1
3 55 1
3 28 1
3 31 1
3 32 1
3 42 1
3 57 1
3 50 1
3 10 1
4 8 1
4 17 1
4 52 1
4 5 1
4 49 1
4 30 1
4 53 1
4 9 1
4 48 1
4 16 1
4 47 1
4 14 1
4 32 1
4 27 1
4 38 1
4 56 1
4 58 1
5 28 1
5 52 1
5 12 1
5 57 1
5 16 1
5 34 1
5 36 1
5 58 1
5 10 1
5 48 1
5 44 1
5 11 1
5 24 1
5 23 1
5 37 1
5 49 1
5 54 1
5 47 1
5 50 1
6 57 1
6 41 1
6 27 1
6 29 1
6 54 1
6 26 1
6 11 1
6 53 1
6 37 1
6 48 1
6 39 1
6 44 1
6 10 1
6 22 1
6 30 1
6 56 1
6 50 1
6 33 1
6 36 1
6 34 1
6 52 1
7 57 1
7 14 1
7 30 1
7 8 1
7 16 1
7 25 1
7 40 1
7 51 1
7 59 1
7 37 1
7 31 1
7 49 1
7 34 1
7 26 1
7 53 1
7 56 1
7 17 1
7 23 1
8 14 1
8 42 1
8 50 1
8 9 1
8 18 1
8 41 1
8 24 1
8 21 1
8 39 1
8 11 1
8 59 1
8 28 1
8 25 1
8 17 1
8 30 1
8 53 1
8 46 1
8 34 1
9 44 1
9 53 1
9 16 1
9 12 1
9 46 1
9 19 1
9 36 1
9 55 1
9 41 1
9 57 1
9 15 1
9 38 1
9 13 1
10 16 1
10 18 1
10 52 1
10 12 1
10 41 1
10 45 1
10 42 1
10 19 1
10 43 1
10 38 1
10 15 1
10 53 1
10 57 1
10 37 1
10 55 1
10 39 1
10 46 1
11 26 1
11 16 1
11 39 1
11 50 1
11 14 1
11 35 1
11 32 1
11 42 1
11 47 1
11 52 1
11 21 1
11 41 1
11 37 1
11 22 1
11 53 1
11 15 1
11 57 1
12 52 1
12 58 1
12 23 1
12 27 1
12 55 1
12 32 1
12 59 1
12 33 1
12 36 1
12 15 1
12 17 1
12 44 1
12 22 1
12 30 1
12 24 1
12 48 1
12 43 1
13 17 1
13 32 1
13 56 1
13 14 1
13 15 1
13 54 1
13 51 1
13 25 1
13 50 1
13 52 1
13 28 1
13 44 1
13 39 1
13 24 1
13 47 1
14 48 1
14 27 1
14 20 1
14 26 1
14 44 1
14 37 1
14 51 1
14 34 1
14 47 1
14 35 1
14 30 1
14 29 1
14 45 1
14 41 1
14 16 1
14 24 1
14 57 1
14 39 1
15 55 1
15 33 1
15 47 1
15 30 1
15 21 1
15 28 1
15 54 1
15 37 1
15 39 1
15 58 1
15 52 1
15 51 1
15 34 1
15 50 1
15 18 1
15 29 1
15 59 1
15 57 1
15 27 1
16 32 1
16 42 1
16 57 1
16 24 1
16 18 1
16 36 1
16 46 1
16 23 1
16 34 1
16 51 1
16 19 1
16 54 1
16 26 1
16 55 1
16 35 1
16 20 1
16 49 1
17 41 1
17 56 1
17 40 1
17 23 1
17 29 1
17 33 1
17 47 1
17 19 1
17 18 1
17 25 1
17 51 1
17 34 1
17 38 1
18 46 1
18 19 1
18 51 1
18 32 1
18 40 1
18 44 1
18 20 1
18 30 1
18 48 1
18 39 1
18 38 1
18 24 1
18 31 1
18 58 1
18 26 1
18 25 1
19 50 1
19 59 1
19 32 1
19 20 1
19 34 1
19 54 1
19 26 1
19 21 1
19 31 1
19 33 1
19 43 1
20 35 1
20 47 1
20 31 1
20 42 1
20 53 1
20 43 1
20 50 1
20 29 1
20 57 1
20 25 1
21 53 1
21 49 1
21 43 1
21 55 1
21 29 1
21 31 1
21 41 1
21 54 1
21 46 1
21 30 1
21 50 1
21 22 1
21 38 1
21 56 1
21 57 1
21 33 1
22 53 1
22 35 1
22 29 1
22 57 1
22 55 1
22 31 1
22 54 1
22 47 1
22 30 1
22 58 1
22 26 1
22 28 1
22 43 1
22 52 1
22 34 1
23 54 1
23 32 1
23 53 1
23 36 1
23 41 1
23 29 1
23 46 1
23 52 1
23 45 1
23 59 1
23 44 1
23 34 1
23 31 1
23 35 1
24 59 1
24 53 1
24 50 1
24 43 1
24 45 1
24 49 1
24 26 1
24 29 1
24 47 1
24 52 1
24 36 1
24 56 1
24 33 1
24 46 1
24 25 1
25 44 1
25 51 1
25 50 1
25 33 1
25 30 1
25 38 1
25 35 1
25 34 1
25 26 1
25 53 1
25 29 1
25 37 1
25 58 1
25 40 1
25 45 1
26 39 1
26 49 1
26 41 1
26 50 1
26 40 1
26 38 1
26 34 1
27 31 1
27 57 1
27 58 1
27 30 1
27 49 1
27 44 1
27 42 1
27 39 1
27 38 1
27 36 1
27 59 1
27 41 1
27 52 1
27 34 1
28 37 1
28 54 1
28 36 1
28 50 1
28 44 1
28 42 1
28 34 1
28 57 1
28 52 1
28 47 1
28 49 1
28 43 1
29 42 1
29 53 1
29 44 1
29 52 1
29 58 1
29 34 1
29 32 1
29 33 1
29 57 1
29 39 1
29 36 1
29 51 1
29 59 1
29 55 1
30 37 1
30 57 1
30 38 1
30 44 1
30 45 1
30 43 1
30 42 1
30 56 1
30 36 1
31 50 1
31 49 1
31 59 1
31 45 1
31 54 1
31 47 1
32 36 1
32 33 1
32 44 1
32 57 1
32 37 1
32 53 1
32 55 1
32 38 1
32 40 1
32 51 1
32 41 1
32 59 1
32 47 1
33 44 1
33 55 1
33 45 1
33 42 1
33 41 1
33 52 1
33 53 1
34 43 1
34 38 1
34 39 1
34 55 1
34 41 1
34 37 1
34 51 1
34 40 1
34 49 1
35 48 1
35 58 1
35 53 1
35 43 1
35 50 1
36 45 1
36 48 1
36 41 1
36 52 1
36 39 1
36 47 1
36 50 1
36 53 1
36 43 1
36 49 1
36 59 1
36 58 1
37 57 1
37 49 1
37 52 1
37 42 1
37 59 1
37 48 1
37 54 1
37 40 1
37 51 1
38 57 1
38 56 1
38 47 1
38 39 1
38 55 1
38 52 1
38 58 1
38 42 1
39 40 1
39 59 1
39 52 1
39 48 1
39 55 1
40 41 1
40 45 1
40 48 1
40 51 1
40 53 1
40 52 1
40 56 1
40 50 1
41 48 1
41 45 1
41 42 1
41 54 1
41 51 1
41 46 1
42 53 1
42 58 1
42 51 1
42 48 1
42 59 1
43 48 1
43 47 1
43 49 1
43 46 1
43 44 1
44 58 1
44 53 1
44 56 1
44 46 1
44 54 1
45 51 1
45 53 1
45 49 1
46 48 1
46 47 1
46 51 1
47 53 1
47 49 1
47 48 1
47 51 1
48 49 1
48 59 1
48 56 1
48 57 1
48 52 1
49 53 1
49 51 1
50 53 1
50 55 1
50 56 1
50 58 1
51 57 1
51 58 1
51 59 1
51 55 1
52 56 1
53 58 1
53 55 1
53 57 1
54 55 1
55 56 1
55 59 1
56 57 1
56 59 1
