60
0 38 1
0 57 1
0 41 1
0 46 1
0 20 1
0 31 1
0 30 1
0 33 1
0 4 1
0 1 1
0 36 1
0 19 1
0 39 1
0 29 1
0 9 1
0 25 1
0 6 1
0 15 1
0 10 1
0 7 1
1 27 1
1 53 1
1 54 1
1 42 1
1 13 1
1 57 1
1 6 1
1 11 1
1 28 1
1 22 1
1 19 1
1 40 1
1 35 1
1 37 1
1 10 1
1 46 1
1 39 1
1 33 1
1 21 1
1 49 1
1 56 1
1 5 1
1 3 1
1 17 1
2 39 1
2 57 1
2 46 1
2 28 1
2 40 1
2 54 1
2 49 1
2 53 1
2 16 1
2 43 1
2 41 1
2 38 1
2 21 1
2 52 1
2 24 1
2 47 1
2 56 1
2 7 1
2 59 1
2 31 1
2 14 1
3 18 1
3 49 1
3 55 1
3 53 1
3 44 1
3 39 1
3 4 1
3 28 1
3 54 1
3 38 1
3 43 1
3 26 1
3 29 1
3 35 1
3 8 1
3 57 1
3 17 1
3 9 1
3 16 1
4 28 1
4 53 1
4 22 1
4 8 1
4 49 1
4 46 1
4 34 1
4 18 1
4 25 1
4 5 1
4 24 1
4 55 1
4 13 1
4 57 1
4 36 1
4 51 1
4 39 1
4 38 1
5 45 1
5 14 1
5 41 1
5 10 1
5 17 1
5 32 1
5 54 1
5 8 1
5 53 1
5 52 1
5 33 1
5 24 1
5 35 1
5 7 1
6 35 1
6 18 1
6 53 1
6 50 1
6 25 1
6 39 1
6 20 1
6 15 1
6 34 1
6 56 1
6 9 1
6 13 1
6 16 1
6 30 1
6 12 1
7 10 1
7 12 1
7 9 1
7 40 1
7 20 1
7 25 1
7 56 1
7 34 1
7 27 1
7 53 1
7 44 1
7 16 1
7 52 1
7 29 1
7 39 1
7 26 1
7 21 1
8 53 1
8 28 1
8 48 1
8 29 1
8 36 1
8 49 1
8 41 1
8 25 1
8 42 1
8 17 1
8 19 1
8 15 1
8 56 1
8 9 1
8 13 1
9 19 1
9 29 1
9 10 1
9 18 1
9 17 1
9 49 1
9 20 1
9 46 1
9 51 1
9 38 1
9 12 1
9 36 1
9 39 1
9 50 1
9 37 1
10 19 1
10 37 1
10 50 1
10 45 1
10 51 1
10 30 1
10 57 1
10 41 1
10 26 1
10 49 1
10 11 1
10 48 1
10 39 1
11 29 1
11 14 1
11 36 1
11 52 1
11 12 1
11 21 1
11 33 1
11 43 1
11 25 1
11 34 1
11 19 1
11 26 1
11 30 1
11 59 1
11 42 1
11 22 1
11 27 1
11 39 1
11 32 1
12 23 1
12 57 1
12 38 1
12 24 1
12 18 1
12 14 1
12 17 1
12 25 1
12 39 1
12 34 1
12 59 1
12 53 1
12 22 1
12 37 1
12 13 1
12 21 1
12 49 1
12 56 1
12 48 1
12 31 1
12 43 1
13 32 1
13 54 1
13 53 1
13 27 1
13 48 1
13 38 1
13 39 1
13 50 1
13 51 1
13 18 1
13 57 1
13 56 1
13 52 1
13 21 1
13 16 1
13 46 1
13 55 1
14 28 1
14 31 1
14 26 1
14 38 1
14 19 1
14 59 1
14 55 1
14 22 1
14 46 1
14 56 1
14 49 1
14 15 1
14 30 1
14 42 1
14 27 1
14 50 1
15 16 1
15 54 1
15 30 1
15 55 1
15 44 1
15 40 1
15 46 1
15 42 1
15 35 1
15 36 1
15 18 1
15 27 1
15 29 1
15 45 1
16 33 1
16 51 1
16 53 1
16 19 1
16 18 1
16 36 1
16 48 1
16 44 1
16 39 1
16 57 1
16 55 1
16 20 1
16 46 1
16 49 1
16 37 1
16 25 1
16 35 1
16 45 1
16 24 1
17 48 1
17 52 1
17 32 1
17 53 1
17 59 1
17 19 1
17 31 1
17 18 1
17 57 1
17 56 1
18 52 1
18 30 1
18 41 1
18 23 1
18 46 1
18 53 1
18 33 1
18 59 1
18 38 1
18 43 1
18 42 1
18 57 1
18 29 1
18 34 1
18 39 1
19 38 1
19 36 1
19 42 1
19 40 1
19 51 1
19 25 1
19 31 1
19 48 1
19 55 1
19 47 1
19 24 1
19 45 1
19 27 1
19 56 1
19 28 1
20 38 1
20 57 1
20 44 1
20 26 1
20 42 1
20 25 1
20 22 1
20 51 1
20 53 1
20 23 1
20 29 1
20 54 1
20 48 1
20 59 1
20 31 1
20 33 1
20 27 1
21 28 1
21 40 1
21 35 1
21 58 1
21 52 1
21 59 1
21 29 1
21 23 1
21 37 1
21 43 1
21 41 1
21 55 1
21 22 1
21 26 1
22 57 1
22 25 1
22 39 1
22 55 1
22 54 1
22 52 1
22 37 1
22 58 1
22 24 1
22 35 1
22 27 1
22 33 1
23 27 1
23 56 1
23 35 1
23 47 1
23 44 1
23 28 1
23 34 1
23 37 1
23 39 1
23 58 1
23 51 1
23 55 1
24 54 1
24 37 1
24 44 1
24 58 1
24 47 1
24 42 1
25 46 1
25 45 1
25 32 1
25 58 1
25 50 1
25 57 1
25 48 1
25 30 1
25 42 1
25 56 1
26 35 1
26 45 1
26 43 1
26 36 1
26 50 1
26 41 1
26 52 1
26 27 1
26 39 1
26 44 1
26 28 1
26 51 1
26 42 1
26 34 1
26 46 1
26 33 1
27 28 1
27 49 1
27 43 1
27 51 1
27 37 1
27 34 1
27 38 1
27 47 1
27 58 1
27 39 1
27 35 1
27 59 1
27 30 1
27 46 1
27 53 1
27 56 1
27 55 1
27 41 1
28 50 1
28 42 1
28 52 1
28 57 1
28 46 1
28 41 1
28 40 1
29 33 1
29 35 1
29 43 1
29 36 1
29 56 1
29 31 1
29 52 1
29 32 1
29 41 1
29 47 1
29 45 1
29 49 1
29 51 1
29 54 1
29 34 1
29 46 1
29 55 1
29 40 1
29 30 1
30 56 1
30 47 1
30 57 1
30 43 1
30 31 1
30 54 1
30 58 1
31 37 1
31 45 1
31 38 1
31 49 1
31 51 1
31 57 1
31 59 1
31 41 1
31 33 1
31 36 1
32 49 1
32 43 1
32 48 1
32 50 1
32 38 1
32 35 1
32 51 1
32 47 1
32 59 1
32 40 1
32 57 1
33 53 1
33 40 1
33 55 1
33 50 1
33 46 1
33 59 1
33 34 1
33 38 1
34 39 1
34 51 1
34 40 1
34 38 1
34 42 1
34 36 1
34 56 1
35 52 1
35 42 1
35 39 1
35 47 1
35 37 1
35 48 1
35 59 1
35 51 1
35 46 1
36 53 1
36 39 1
36 58 1
36 41 1
36 47 1
36 51 1
37 56 1
37 44 1
37 48 1
37 59 1
37 39 1
37 46 1
37 51 1
37 41 1
37 53 1
37 42 1
38 53 1
38 52 1
38 54 1
38 55 1
38 50 1
38 42 1
38 46 1
38 58 1
38 59 1
39 45 1
39 41 1
39 48 1
39 52 1
39 40 1
39 49 1
39 43 1
39 54 1
39 58 1
39 42 1
40 44 1
40 48 1
40 59 1
41 46 1
41 47 1
41 55 1
41 51 1
41 57 1
42 57 1
42 55 1
42 45 1
42 52 1
42 58 1
42 46 1
42 51 1
42 54 1
42 43 1
43 47 1
43 57 1
43 51 1
43 49 1
43 44 1
43 58 1
44 52 1
44 56 1
44 48 1
44 57 1
44 53 1
44 51 1
44 58 1
44 55 1
45 46 1
45 51 1
45 54 1
45 53 1
45 59 1
45 57 1
46 59 1
46 50 1
46 58 1
46 54 1
46 51 1
47 57 1
47 58 1
47 48 1
48 52 1
48 57 1
48 58 1
48 53 1
49 52 1
49 54 1
49 51 1
49 57 1
49 59 1
50 55 1
50 59 1
51 59 1
51 56 1
52 56 1
53 56 1
54 59 1
56 57 1
57 58 1
58 59 1
