65
0 50 1
0 34 1
0 18 1
0 16 1
0 6 1
0 64 1
0 51 1
0 33 1
0 40 1
0 39 1
0 22 1
0 45 1
0 20 1
0 35 1
0 58 1
0 42 1
0 48 1
0 32 1
0 11 1
0 1 1
1 9 1
1 57 1
1 36 1
1 46 1
1 15 1
1 22 1
1 10 1
1 23 1
1 47 1
1 45 1
1 54 1
1 49 1
1 62 1
1 34 1
1 18 1
1 7 1
1 63 1
1 3 1
1 25 1
1 29 1
1 37 1
1 19 1
1 12 1
1 27 1
1 30 1
1 11 1
1 42 1
1 21 1
2 15 1
2 58 1
2 20 1
2 62 1
2 36 1
2 59 1
2 7 1
2 22 1
2 30 1
2 28 1
2 14 1
2 9 1
2 6 1
2 41 1
2 37 1
2 31 1
2 8 1
2 21 1
2 12 1
2 18 1
2 50 1
2 46 1
2 26 1
3 18 1
3 31 1
3 49 1
3 4 1
3 38 1
3 52 1
3 40 1
3 58 1
3 48 1
3 51 1
3 32 1
3 44 1
3 9 1
3 21 1
3 27 1
3 22 1
4 25 1
4 29 1
4 45 1
4 24 1
4 55 1
4 42 1
4 36 1
4 11 1
4 53 1
4 28 1
4 18 1
4 34 1
4 21 1
4 32 1
4 41 1
4 50 1
4 8 1
5 21 1
5 27 1
5 48 1
5 19 1
5 29 1
5 53 1
5 51 1
5 18 1
5 28 1
5 62 1
5 55 1
5 32 1
5 41 1
5 22 1
5 10 1
5 36 1
5 57 1
5 16 1
5 50 1
5 61 1
5 14 1
5 35 1
5 23 1
5 24 1
5 60 1
5 34 1
6 53 1
6 48 1
6 62 1
6 50 1
6 25 1
6 63 1
6 64 1
6 7 1
6 27 1
6 59 1
6 51 1
6 39 1
6 46 1
6 52 1
6 12 1
6 44 1
6 56 1
7 49 1
7 42 1
7 61 1
7 58 1
7 34 1
7 54 1
7 9 1
7 17 1
7 24 1
7 39 1
7 63 1
7 53 1
7 55 1
7 45 1
7 56 1
7 20 1
7 29 1
7 18 1
7 50 1
7 62 1
8 41 1
8 32 1
8 9 1
8 50 1
8 37 1
8 30 1
8 36 1
8 11 1
8 62 1
8 24 1
8 16 1
8 14 1
8 60 1
8 57 1
8 15 1
8 29 1
8 28 1
9 55 1
9 57 1
9 30 1
9 26 1
9 40 1
9 32 1
9 11 1
9 47 1
9 36 1
9 52 1
9 15 1
9 25 1
9 22 1
9 37 1
9 13 1
9 49 1
9 12 1
9 20 1
9 18 1
10 11 1
10 53 1
10 60 1
10 62 1
10 57 1
10 30 1
10 13 1
10 45 1
10 32 1
10 27 1
10 44 1
10 39 1
10 61 1
10 26 1
10 48 1
10 55 1
11 43 1
11 21 1
11 26 1
11 57 1
11 41 1
11 37 1
11 32 1
11 64 1
11 55 1
11 45 1
11 51 1
11 29 1
11 30 1
11 20 1
11 13 1
11 44 1
11 63 1
11 54 1
12 37 1
12 38 1
12 14 1
12 61 1
12 24 1
12 30 1
12 53 1
12 23 1
12 46 1
12 41 1
12 21 1
12 25 1
12 57 1
12 36 1
12 51 1
12 50 1
12 48 1
12 32 1
12 52 1
12 59 1
12 49 1
13 20 1
13 57 1
13 40 1
13 24 1
13 50 1
13 29 1
13 37 1
13 42 1
13 36 1
13 32 1
13 35 1
13 51 1
13 15 1
13 27 1
13 23 1
13 48 1
13 63 1
13 39 1
13 34 1
13 61 1
13 47 1
14 43 1
14 47 1
14 60 1
14 39 1
14 29 1
14 40 1
14 61 1
14 62 1
14 28 1
14 63 1
14 54 1
14 22 1
14 23 1
14 52 1
14 18 1
14 17 1
15 37 1
15 30 1
15 50 1
15 27 1
15 24 1
15 64 1
15 34 1
15 43 1
15 42 1
15 60 1
15 46 1
15 45 1
16 19 1
16 26 1
16 57 1
16 24 1
16 50 1
16 61 1
16 40 1
16 58 1
16 33 1
16 41 1
16 18 1
16 55 1
16 46 1
16 47 1
16 45 1
16 27 1
16 38 1
16 35 1
16 32 1
17 41 1
17 26 1
17 56 1
17 18 1
17 24 1
17 20 1
17 44 1
17 58 1
17 48 1
17 38 1
17 39 1
17 52 1
17 59 1
17 35 1
17 61 1
18 61 1
18 62 1
18 51 1
18 38 1
18 54 1
18 60 1
18 49 1
18 41 1
18 28 1
18 30 1
18 25 1
18 52 1
19 55 1
19 37 1
19 61 1
19 41 1
19 45 1
19 20 1
19 34 1
19 32 1
19 51 1
19 50 1
19 53 1
19 39 1
19 36 1
19 59 1
19 26 1
19 38 1
20 52 1
20 63 1
20 34 1
20 47 1
20 51 1
20 64 1
20 61 1
20 39 1
20 59 1
20 37 1
20 54 1
20 60 1
20 25 1
21 44 1
21 40 1
21 60 1
21 48 1
21 58 1
21 63 1
21 23 1
21 46 1
21 38 1
21 56 1
21 28 1
21 50 1
21 32 1
21 55 1
21 47 1
21 34 1
21 27 1
21 52 1
21 62 1
22 53 1
22 36 1
22 54 1
22 38 1
22 58 1
22 31 1
22 51 1
22 46 1
22 33 1
22 62 1
22 40 1
22 50 1
22 28 1
23 48 1
23 33 1
23 30 1
23 38 1
23 28 1
23 59 1
23 31 1
23 41 1
23 58 1
23 32 1
23 60 1
23 43 1
23 53 1
23 24 1
23 61 1
23 36 1
23 46 1
23 35 1
23 40 1
23 39 1
24 48 1
24 55 1
24 37 1
24 64 1
24 62 1
24 60 1
24 29 1
24 38 1
24 33 1
24 32 1
24 52 1
24 42 1
24 36 1
24 61 1
25 37 1
25 51 1
25 56 1
25 43 1
25 52 1
25 30 1
25 55 1
25 27 1
25 29 1
25 31 1
25 47 1
25 35 1
25 45 1
25 59 1
25 46 1
25 41 1
25 39 1
25 44 1
25 33 1
25 54 1
25 57 1
26 44 1
26 41 1
26 28 1
26 59 1
26 56 1
26 64 1
26 39 1
26 60 1
26 35 1
26 50 1
27 45 1
27 44 1
27 62 1
27 55 1
27 37 1
27 43 1
27 61 1
27 40 1
27 54 1
27 34 1
27 48 1
28 52 1
28 58 1
28 44 1
28 30 1
28 33 1
28 50 1
28 38 1
28 59 1
28 43 1
28 41 1
28 63 1
28 46 1
28 31 1
29 49 1
29 46 1
29 31 1
29 54 1
29 60 1
29 37 1
29 48 1
29 58 1
29 63 1
29 33 1
29 62 1
29 43 1
29 44 1
30 44 1
30 38 1
30 51 1
30 63 1
30 32 1
30 59 1
30 56 1
30 36 1
30 50 1
30 40 1
31 64 1
31 49 1
31 38 1
31 36 1
31 39 1
31 34 1
31 51 1
31 35 1
32 42 1
32 39 1
32 49 1
32 54 1
32 62 1
32 48 1
32 46 1
32 43 1
32 34 1
32 44 1
32 41 1
32 60 1
32 64 1
32 59 1
32 45 1
32 36 1
32 33 1
32 63 1
32 58 1
32 56 1
33 34 1
33 35 1
33 54 1
33 41 1
33 45 1
33 38 1
33 39 1
33 52 1
33 60 1
33 49 1
33 55 1
34 44 1
34 64 1
34 49 1
34 58 1
34 62 1
34 40 1
34 36 1
34 61 1
34 60 1
34 38 1
34 53 1
34 56 1
34 59 1
35 42 1
35 52 1
35 51 1
35 41 1
35 55 1
35 45 1
35 54 1
35 60 1
35 64 1
35 53 1
35 49 1
35 37 1
35 62 1
36 61 1
36 59 1
36 43 1
36 63 1
36 50 1
36 52 1
36 39 1
36 58 1
36 51 1
37 49 1
37 64 1
37 57 1
37 45 1
37 56 1
37 59 1
38 49 1
38 53 1
38 46 1
38 48 1
38 52 1
38 63 1
39 50 1
39 44 1
39 49 1
39 42 1
39 51 1
39 53 1
39 56 1
39 47 1
39 43 1
40 47 1
40 57 1
40 60 1
40 41 1
40 45 1
40 44 1
40 59 1
40 56 1
40 63 1
41 50 1
41 42 1
41 62 1
41 58 1
41 55 1
41 43 1
41 46 1
42 49 1
42 61 1
42 54 1
42 44 1
42 47 1
42 55 1
42 59 1
42 53 1
43 63 1
43 44 1
43 62 1
43 59 1
44 57 1
44 51 1
44 47 1
44 52 1
44 48 1
44 54 1
44 58 1
45 54 1
45 49 1
45 59 1
45 57 1
45 61 1
45 58 1
45 56 1
46 59 1
46 61 1
46 51 1
46 50 1
46 48 1
46 54 1
46 62 1
46 53 1
47 56 1
47 50 1
47 59 1
47 61 1
47 60 1
47 52 1
48 63 1
48 58 1
48 50 1
48 64 1
48 62 1
48 56 1
48 51 1
48 60 1
49 63 1
49 64 1
49 50 1
49 53 1
49 59 1
50 57 1
50 56 1
50 51 1
50 53 1
50 63 1
50 64 1
50 54 1
50 58 1
51 57 1
51 53 1
51 55 1
52 57 1
52 56 1
52 61 1
53 57 1
53 56 1
53 63 1
53 64 1
53 58 1
53 55 1
54 57 1
54 55 1
54 61 1
54 64 1
55 64 1
55 60 1
55 58 1
55 57 1
56 64 1
56 62 1
57 59 1
57 60 1
57 64 1
58 64 1
59 63 1
60 63 1
61 63 1
61 64 1
