65
0 12 1
0 8 1
0 27 1
0 13 1
0 63 1
0 47 1
0 39 1
0 61 1
0 58 1
0 14 1
0 9 1
0 48 1
0 33 1
0 5 1
0 59 1
0 17 1
0 50 1
0 4 1
0 60 1
0 35 1
1 54 1
1 46 1
1 4 1
1 52 1
1 53 1
1 16 1
1 57 1
1 3 1
1 5 1
1 13 1
1 7 1
1 25 1
1 30 1
1 21 1
1 20 1
1 49 1
1 43 1
1 27 1
1 36 1
1 37 1
1 55 1
2 49 1
2 47 1
2 26 1
2 40 1
2 19 1
2 59 1
2 39 1
2 6 1
2 50 1
2 56 1
2 30 1
2 62 1
2 10 1
2 45 1
2 52 1
2 58 1
2 46 1
2 34 1
2 16 1
2 7 1
2 9 1
2 51 1
2 28 1
2 43 1
3 47 1
3 6 1
3 23 1
3 4 1
3 13 1
3 45 1
3 40 1
3 5 1
3 51 1
3 49 1
3 61 1
3 35 1
3 53 1
3 63 1
3 46 1
3 14 1
3 50 1
3 21 1
3 41 1
3 15 1
3 10 1
3 52 1
4 27 1
4 8 1
4 56 1
4 13 1
4 5 1
4 7 1
4 61 1
4 32 1
4 44 1
4 14 1
4 50 1
4 38 1
4 12 1
4 51 1
4 52 1
4 16 1
4 21 1
4 45 1
4 55 1
4 25 1
4 23 1
4 37 1
5 38 1
5 18 1
5 27 1
5 62 1
5 10 1
5 52 1
5 39 1
5 21 1
5 46 1
5 32 1
5 24 1
5 50 1
5 33 1
5 11 1
5 45 1
5 63 1
5 54 1
5 31 1
5 29 1
5 8 1
5 42 1
5 7 1
5 48 1
5 34 1
5 12 1
5 58 1
6 62 1
6 14 1
6 8 1
6 45 1
6 33 1
6 26 1
6 60 1
6 11 1
6 58 1
6 27 1
6 61 1
6 15 1
6 12 1
6 59 1
6 9 1
6 13 1
7 20 1
7 45 1
7 33 1
7 53 1
7 42 1
7 26 1
7 11 1
7 55 1
7 57 1
7 25 1
7 59 1
7 29 1
7 16 1
7 10 1
7 39 1
8 23 1
8 24 1
8 44 1
8 14 1
8 38 1
8 19 1
8 43 1
8 9 1
8 64 1
8 18 1
8 59 1
8 29 1
8 50 1
8 34 1
8 54 1
8 53 1
8 39 1
8 15 1
8 35 1
8 60 1
8 47 1
9 63 1
9 58 1
9 50 1
9 36 1
9 49 1
9 44 1
9 37 1
9 47 1
9 56 1
9 13 1
9 24 1
9 11 1
9 41 1
9 53 1
9 18 1
9 57 1
9 61 1
9 62 1
10 11 1
10 42 1
10 29 1
10 24 1
10 36 1
10 23 1
10 47 1
10 21 1
10 34 1
10 63 1
10 48 1
10 25 1
10 58 1
10 60 1
10 12 1
10 20 1
10 41 1
10 30 1
10 28 1
10 15 1
10 13 1
10 43 1
11 18 1
11 45 1
11 17 1
11 51 1
11 62 1
11 19 1
11 37 1
11 14 1
11 63 1
11 64 1
11 36 1
11 46 1
11 16 1
11 48 1
11 33 1
11 60 1
12 13 1
12 22 1
12 14 1
12 24 1
12 56 1
12 18 1
12 35 1
12 44 1
12 61 1
12 41 1
12 34 1
12 38 1
12 45 1
12 29 1
12 64 1
12 40 1
12 50 1
13 55 1
13 42 1
13 21 1
13 34 1
13 39 1
13 32 1
13 27 1
13 17 1
13 16 1
13 29 1
13 31 1
13 51 1
13 47 1
13 30 1
13 28 1
13 40 1
13 63 1
13 45 1
14 35 1
14 64 1
14 63 1
14 39 1
14 20 1
14 54 1
14 37 1
14 28 1
14 32 1
14 51 1
14 18 1
14 49 1
14 31 1
14 38 1
14 50 1
14 44 1
14 34 1
14 52 1
14 47 1
15 58 1
15 52 1
15 33 1
15 46 1
15 31 1
15 16 1
15 63 1
15 40 1
15 61 1
15 29 1
15 56 1
15 17 1
15 57 1
15 38 1
15 42 1
15 32 1
15 51 1
15 37 1
16 62 1
16 64 1
16 26 1
16 41 1
16 56 1
16 59 1
16 18 1
16 43 1
16 23 1
16 54 1
16 32 1
16 35 1
16 37 1
17 56 1
17 29 1
17 26 1
17 28 1
17 22 1
17 37 1
17 39 1
17 30 1
17 33 1
17 41 1
17 61 1
17 50 1
17 21 1
17 60 1
17 64 1
18 47 1
18 60 1
18 46 1
18 61 1
18 57 1
18 48 1
18 30 1
18 54 1
18 52 1
18 56 1
18 53 1
18 45 1
18 55 1
18 26 1
19 54 1
19 50 1
19 25 1
19 35 1
19 45 1
19 23 1
19 59 1
19 52 1
19 55 1
19 57 1
19 20 1
19 43 1
19 51 1
19 47 1
19 31 1
20 31 1
20 50 1
20 23 1
20 41 1
20 63 1
20 59 1
20 33 1
20 35 1
20 43 1
20 36 1
20 60 1
20 54 1
20 46 1
20 25 1
20 62 1
20 39 1
20 22 1
20 29 1
20 24 1
20 32 1
20 34 1
20 58 1
21 45 1
21 24 1
21 36 1
21 40 1
21 59 1
21 42 1
21 51 1
21 33 1
21 28 1
21 30 1
21 56 1
21 48 1
21 29 1
21 61 1
21 31 1
21 38 1
21 63 1
21 58 1
21 57 1
22 54 1
22 40 1
22 37 1
22 62 1
22 44 1
22 38 1
22 24 1
22 59 1
22 33 1
22 63 1
22 57 1
22 50 1
22 35 1
22 36 1
22 46 1
22 64 1
22 42 1
22 29 1
22 52 1
23 33 1
23 26 1
23 25 1
23 51 1
23 56 1
23 63 1
23 48 1
23 44 1
23 37 1
23 34 1
23 57 1
23 54 1
23 40 1
23 24 1
23 50 1
23 59 1
24 45 1
24 42 1
24 47 1
24 32 1
24 34 1
24 55 1
24 62 1
24 25 1
24 26 1
24 51 1
25 50 1
25 53 1
25 41 1
25 63 1
25 44 1
25 57 1
25 29 1
25 62 1
25 48 1
25 47 1
25 59 1
25 31 1
25 27 1
25 40 1
25 55 1
26 38 1
26 51 1
26 58 1
26 30 1
26 55 1
26 33 1
26 32 1
26 53 1
26 42 1
26 60 1
26 63 1
26 59 1
26 62 1
26 29 1
26 39 1
26 31 1
27 46 1
27 32 1
27 61 1
27 63 1
27 51 1
27 53 1
27 37 1
27 64 1
27 57 1
27 52 1
27 55 1
27 31 1
28 61 1
28 33 1
28 41 1
28 47 1
28 60 1
28 51 1
28 52 1
28 49 1
28 29 1
28 35 1
28 39 1
28 55 1
28 53 1
28 40 1
29 42 1
29 62 1
29 55 1
29 53 1
29 48 1
29 35 1
29 54 1
29 41 1
29 33 1
29 58 1
30 42 1
30 43 1
30 33 1
30 50 1
30 46 1
30 59 1
30 47 1
30 44 1
30 62 1
30 41 1
30 57 1
30 64 1
30 37 1
30 63 1
31 42 1
31 37 1
31 40 1
31 63 1
31 38 1
31 46 1
31 50 1
31 32 1
31 53 1
31 61 1
31 43 1
31 33 1
31 39 1
31 47 1
32 50 1
32 43 1
32 36 1
32 44 1
32 53 1
32 38 1
32 59 1
32 48 1
32 63 1
32 47 1
32 61 1
32 49 1
33 49 1
33 42 1
33 57 1
33 56 1
33 34 1
33 39 1
33 50 1
33 36 1
33 53 1
33 61 1
33 41 1
33 52 1
34 45 1
34 44 1
34 47 1
34 37 1
34 64 1
34 62 1
34 55 1
34 58 1
34 46 1
34 51 1
34 40 1
34 50 1
34 63 1
34 59 1
35 56 1
35 52 1
35 50 1
35 62 1
35 41 1
35 42 1
35 59 1
35 44 1
36 53 1
36 59 1
36 48 1
36 43 1
36 39 1
36 45 1
36 52 1
36 40 1
37 40 1
37 52 1
37 43 1
37 39 1
37 61 1
37 38 1
37 59 1
37 47 1
37 51 1
37 45 1
37 50 1
38 50 1
38 45 1
38 43 1
38 52 1
38 57 1
38 47 1
38 46 1
38 40 1
39 54 1
39 61 1
39 50 1
39 59 1
39 60 1
39 64 1
39 55 1
40 45 1
40 59 1
40 43 1
40 55 1
40 42 1
40 47 1
40 50 1
40 60 1
41 47 1
41 53 1
41 55 1
41 48 1
41 63 1
42 57 1
42 53 1
42 54 1
42 52 1
42 60 1
42 59 1
42 51 1
43 64 1
43 57 1
43 49 1
43 53 1
43 50 1
43 56 1
43 62 1
43 52 1
43 46 1
43 51 1
44 63 1
44 55 1
44 45 1
44 57 1
44 51 1
44 64 1
44 48 1
45 57 1
45 52 1
45 46 1
45 63 1
45 51 1
45 64 1
45 54 1
46 58 1
46 53 1
46 62 1
47 53 1
47 51 1
47 59 1
47 57 1
47 61 1
48 49 1
48 53 1
48 59 1
48 58 1
48 50 1
49 58 1
50 62 1
50 54 1
51 53 1
51 54 1
51 63 1
51 60 1
51 57 1
51 61 1
52 57 1
52 64 1
52 62 1
52 61 1
52 53 1
53 62 1
53 54 1
53 57 1
53 56 1
54 64 1
54 60 1
54 56 1
54 57 1
54 58 1
54 61 1
54 55 1
55 62 1
55 64 1
55 61 1
56 60 1
56 62 1
56 57 1
57 59 1
58 64 1
58 60 1
59 60 1
59 62 1
60 64 1
63 64 1
