65
0 42 1
0 22 1
0 11 1
0 57 1
0 18 1
0 43 1
0 58 1
0 13 1
0 53 1
0 49 1
0 25 1
0 34 1
0 54 1
0 37 1
0 64 1
0 10 1
0 44 1
0 40 1
0 45 1
0 63 1
0 21 1
0 33 1
0 1 1
0 27 1
1 48 1
1 33 1
1 42 1
1 29 1
1 44 1
1 11 1
1 36 1
1 45 1
1 61 1
1 7 1
1 25 1
1 50 1
1 34 1
1 22 1
1 5 1
1 23 1
1 32 1
1 10 1
1 41 1
1 47 1
1 30 1
1 19 1
1 28 1
2 12 1
2 52 1
2 50 1
2 45 1
2 38 1
2 9 1
2 22 1
2 23 1
2 20 1
2 11 1
2 25 1
2 3 1
2 10 1
2 41 1
2 16 1
2 28 1
2 56 1
2 32 1
2 27 1
2 43 1
2 29 1
2 39 1
2 21 1
2 62 1
2 17 1
2 58 1
2 57 1
2 53 1
2 42 1
2 48 1
2 8 1
2 15 1
3 34 1
3 6 1
3 16 1
3 52 1
3 41 1
3 56 1
3 5 1
3 62 1
3 39 1
3 19 1
3 47 1
3 64 1
3 57 1
3 48 1
3 42 1
3 23 1
3 27 1
3 17 1
3 45 1
3 59 1
3 40 1
3 24 1
3 21 1
3 30 1
3 12 1
4 13 1
4 57 1
4 14 1
4 53 1
4 31 1
4 27 1
4 45 1
4 16 1
4 41 1
4 11 1
4 64 1
4 22 1
4 28 1
4 50 1
4 63 1
4 5 1
4 33 1
4 35 1
4 61 1
5 13 1
5 52 1
5 46 1
5 53 1
5 36 1
5 30 1
5 8 1
5 45 1
5 60 1
5 14 1
5 33 1
5 57 1
5 43 1
5 17 1
5 62 1
5 31 1
5 44 1
5 19 1
5 50 1
5 15 1
5 54 1
5 7 1
6 11 1
6 47 1
6 13 1
6 20 1
6 27 1
6 52 1
6 51 1
6 57 1
6 15 1
6 39 1
6 21 1
6 25 1
6 16 1
6 60 1
6 63 1
6 31 1
6 18 1
6 61 1
6 33 1
6 24 1
6 36 1
6 12 1
7 34 1
7 23 1
7 16 1
7 52 1
7 40 1
7 38 1
7 11 1
7 32 1
7 31 1
7 9 1
7 27 1
7 58 1
7 39 1
7 44 1
7 50 1
7 15 1
7 21 1
8 24 1
8 53 1
8 20 1
8 36 1
8 9 1
8 34 1
8 43 1
8 62 1
8 30 1
8 49 1
8 56 1
8 16 1
8 33 1
8 48 1
9 40 1
9 61 1
9 38 1
9 56 1
9 37 1
9 54 1
9 45 1
9 63 1
9 30 1
9 13 1
9 64 1
9 42 1
9 21 1
9 29 1
9 26 1
9 20 1
9 19 1
9 34 1
9 55 1
10 57 1
10 63 1
10 37 1
10 14 1
10 24 1
10 59 1
10 29 1
10 45 1
10 47 1
10 12 1
10 38 1
10 33 1
10 64 1
10 26 1
10 42 1
10 27 1
10 48 1
10 32 1
10 54 1
10 61 1
10 11 1
11 15 1
11 26 1
11 13 1
11 58 1
11 28 1
11 63 1
11 12 1
11 40 1
11 50 1
11 34 1
11 44 1
11 31 1
11 55 1
11 22 1
11 43 1
11 20 1
11 17 1
11 38 1
12 26 1
12 14 1
12 32 1
12 50 1
12 37 1
12 51 1
12 49 1
12 38 1
12 17 1
12 54 1
12 34 1
12 35 1
12 36 1
12 59 1
13 63 1
13 59 1
13 56 1
13 32 1
13 54 1
13 49 1
13 18 1
13 62 1
13 60 1
13 16 1
13 23 1
13 42 1
13 30 1
13 28 1
13 24 1
13 41 1
13 55 1
13 38 1
13 27 1
14 19 1
14 20 1
14 59 1
14 22 1
14 26 1
14 49 1
14 52 1
14 54 1
14 42 1
14 30 1
14 23 1
14 43 1
14 32 1
14 27 1
14 58 1
14 17 1
14 44 1
14 57 1
14 50 1
15 23 1
15 64 1
15 21 1
15 48 1
15 49 1
15 30 1
15 28 1
15 55 1
15 43 1
15 16 1
15 37 1
15 62 1
15 47 1
15 29 1
15 39 1
15 40 1
15 45 1
15 44 1
15 63 1
15 57 1
16 44 1
16 33 1
16 36 1
16 46 1
16 41 1
16 42 1
16 64 1
16 26 1
16 29 1
16 34 1
16 22 1
16 49 1
17 41 1
17 56 1
17 39 1
17 26 1
17 28 1
17 30 1
17 60 1
17 31 1
17 27 1
17 40 1
17 34 1
17 55 1
17 37 1
18 29 1
18 61 1
18 27 1
18 48 1
18 51 1
18 42 1
18 52 1
18 24 1
18 41 1
18 62 1
18 30 1
18 39 1
18 54 1
19 50 1
19 52 1
19 36 1
19 63 1
19 35 1
19 45 1
19 57 1
19 42 1
19 29 1
19 28 1
19 40 1
19 41 1
19 37 1
19 32 1
19 24 1
19 38 1
19 26 1
19 46 1
19 59 1
19 34 1
19 49 1
20 58 1
20 64 1
20 53 1
20 41 1
20 26 1
20 35 1
20 22 1
20 47 1
20 33 1
20 36 1
20 27 1
20 46 1
20 38 1
20 28 1
20 49 1
20 59 1
20 56 1
21 53 1
21 26 1
21 61 1
21 33 1
21 50 1
21 56 1
21 40 1
21 57 1
21 54 1
21 45 1
21 31 1
21 46 1
21 59 1
21 32 1
21 60 1
21 52 1
21 51 1
21 63 1
21 58 1
22 47 1
22 45 1
22 57 1
22 24 1
22 33 1
22 27 1
22 63 1
22 62 1
22 58 1
22 46 1
22 41 1
22 55 1
22 35 1
22 32 1
22 28 1
22 44 1
23 38 1
23 46 1
23 28 1
23 25 1
23 53 1
23 63 1
23 24 1
23 61 1
23 42 1
23 54 1
23 62 1
23 37 1
23 40 1
24 33 1
24 43 1
24 57 1
24 41 1
24 27 1
24 37 1
24 64 1
24 59 1
24 28 1
24 52 1
24 39 1
24 61 1
24 29 1
24 42 1
25 38 1
25 57 1
25 46 1
25 29 1
25 40 1
25 27 1
25 33 1
25 47 1
25 28 1
25 54 1
25 36 1
25 41 1
25 45 1
25 60 1
25 44 1
25 26 1
25 56 1
26 27 1
26 63 1
26 61 1
26 30 1
26 32 1
26 36 1
26 38 1
26 40 1
26 37 1
26 58 1
26 52 1
27 37 1
27 35 1
27 34 1
27 60 1
27 57 1
27 32 1
27 63 1
27 53 1
27 40 1
27 41 1
27 62 1
27 44 1
28 38 1
28 61 1
28 64 1
28 35 1
28 30 1
28 52 1
28 33 1
28 54 1
28 40 1
28 44 1
28 57 1
29 55 1
29 38 1
29 43 1
29 37 1
29 34 1
29 41 1
29 50 1
29 31 1
29 52 1
30 32 1
30 45 1
30 59 1
30 51 1
30 42 1
30 50 1
30 39 1
30 48 1
30 44 1
30 64 1
30 60 1
30 58 1
30 40 1
30 31 1
31 49 1
31 54 1
31 38 1
31 48 1
31 42 1
31 33 1
32 52 1
32 37 1
32 59 1
32 35 1
32 58 1
32 60 1
32 44 1
32 45 1
32 48 1
32 63 1
32 43 1
32 64 1
32 55 1
32 54 1
33 49 1
33 60 1
33 42 1
33 41 1
33 35 1
33 48 1
33 46 1
33 45 1
33 43 1
33 59 1
34 44 1
34 55 1
34 35 1
34 37 1
34 43 1
34 46 1
34 41 1
34 51 1
34 57 1
35 53 1
35 41 1
35 50 1
35 36 1
35 55 1
35 58 1
35 63 1
35 48 1
35 37 1
35 49 1
36 58 1
36 37 1
36 55 1
36 52 1
36 39 1
36 59 1
36 60 1
36 45 1
36 43 1
36 54 1
37 48 1
37 43 1
37 56 1
37 62 1
37 64 1
37 52 1
37 38 1
37 39 1
37 63 1
37 55 1
37 46 1
37 59 1
38 45 1
38 64 1
38 53 1
38 42 1
38 57 1
38 43 1
38 40 1
39 51 1
39 46 1
39 64 1
39 59 1
39 62 1
39 43 1
39 45 1
39 48 1
39 57 1
40 62 1
40 50 1
40 42 1
40 53 1
40 49 1
40 45 1
40 59 1
40 60 1
40 46 1
40 58 1
41 61 1
41 55 1
41 50 1
41 46 1
41 59 1
41 42 1
41 58 1
41 54 1
41 45 1
41 43 1
41 48 1
41 47 1
41 51 1
42 58 1
42 56 1
42 64 1
42 47 1
42 59 1
42 54 1
42 52 1
42 48 1
43 62 1
43 53 1
44 61 1
44 52 1
44 46 1
44 58 1
44 55 1
45 52 1
45 63 1
45 55 1
46 59 1
46 64 1
46 49 1
46 58 1
46 52 1
46 51 1
47 49 1
47 48 1
47 61 1
47 62 1
47 58 1
48 56 1
48 63 1
48 49 1
48 52 1
48 60 1
48 53 1
48 64 1
49 64 1
49 62 1
49 60 1
49 55 1
49 54 1
50 54 1
50 58 1
50 55 1
50 63 1
51 60 1
51 59 1
51 53 1
52 63 1
52 62 1
52 58 1
52 59 1
52 55 1
52 53 1
53 60 1
53 61 1
53 59 1
54 64 1
54 60 1
55 61 1
55 62 1
55 59 1
55 64 1
56 61 1
56 64 1
57 63 1
57 59 1
57 61 1
58 60 1
58 63 1
58 61 1
58 62 1
59 60 1
60 62 1
61 64 1
62 63 1
62 64 1
63 64 1
