65
0 40 1
0 27 1
0 7 1
0 11 1
0 44 1
0 19 1
0 4 1
0 47 1
0 16 1
0 51 1
0 14 1
0 59 1
0 63 1
0 5 1
0 18 1
0 61 1
0 13 1
0 50 1
0 2 1
0 56 1
0 35 1
0 49 1
0 38 1
0 21 1
1 62 1
1 26 1
1 11 1
1 61 1
1 44 1
1 37 1
1 15 1
1 5 1
1 57 1
1 9 1
1 56 1
1 63 1
1 13 1
1 45 1
1 22 1
1 58 1
1 36 1
1 60 1
1 6 1
1 7 1
1 25 1
2 46 1
2 49 1
2 10 1
2 64 1
2 39 1
2 9 1
2 62 1
2 38 1
2 56 1
2 51 1
2 17 1
2 48 1
2 63 1
2 52 1
2 55 1
2 29 1
2 60 1
2 36 1
2 5 1
2 30 1
2 16 1
3 58 1
3 19 1
3 29 1
3 25 1
3 39 1
3 6 1
3 8 1
3 57 1
3 32 1
3 27 1
3 31 1
3 35 1
3 53 1
3 56 1
3 15 1
3 30 1
3 46 1
3 64 1
3 54 1
3 62 1
3 13 1
3 20 1
3 41 1
3 26 1
4 23 1
4 21 1
4 28 1
4 32 1
4 53 1
4 10 1
4 12 1
4 22 1
4 48 1
4 36 1
4 15 1
4 43 1
4 5 1
4 19 1
4 61 1
4 29 1
4 46 1
4 60 1
4 14 1
4 52 1
4 24 1
4 49 1
4 8 1
5 47 1
5 43 1
5 54 1
5 58 1
5 22 1
5 63 1
5 16 1
5 49 1
5 53 1
5 8 1
5 36 1
5 41 1
5 26 1
5 38 1
5 12 1
5 11 1
5 27 1
5 24 1
5 6 1
5 40 1
5 60 1
5 35 1
5 14 1
6 60 1
6 58 1
6 15 1
6 18 1
6 7 1
6 37 1
6 59 1
6 8 1
6 25 1
6 32 1
6 43 1
6 10 1
6 16 1
6 36 1
6 22 1
6 55 1
6 48 1
6 47 1
6 46 1
6 44 1
6 27 1
6 51 1
6 19 1
6 14 1
7 8 1
7 55 1
7 12 1
7 22 1
7 58 1
7 54 1
7 45 1
7 43 1
7 53 1
7 13 1
7 37 1
7 19 1
7 36 1
7 15 1
7 26 1
7 52 1
7 29 1
7 31 1
7 16 1
7 23 1
7 40 1
7 60 1
7 30 1
8 46 1
8 9 1
8 10 1
8 13 1
8 49 1
8 23 1
8 27 1
8 39 1
8 53 1
8 34 1
8 45 1
8 44 1
8 60 1
8 25 1
8 52 1
8 36 1
8 51 1
8 59 1
9 18 1
9 51 1
9 39 1
9 11 1
9 24 1
9 46 1
9 20 1
9 22 1
9 50 1
9 49 1
9 33 1
9 48 1
9 43 1
9 15 1
9 47 1
9 29 1
10 59 1
10 18 1
10 53 1
10 40 1
10 37 1
10 57 1
10 41 1
10 25 1
10 23 1
10 32 1
10 19 1
10 21 1
10 28 1
10 52 1
10 55 1
10 14 1
10 56 1
10 30 1
10 33 1
10 22 1
10 43 1
10 38 1
10 20 1
10 35 1
11 17 1
11 33 1
11 48 1
11 25 1
11 35 1
11 20 1
11 41 1
11 45 1
11 58 1
11 37 1
11 64 1
11 40 1
11 31 1
11 22 1
11 54 1
11 52 1
11 14 1
11 15 1
11 57 1
11 46 1
12 47 1
12 37 1
12 25 1
12 44 1
12 53 1
12 63 1
12 22 1
12 14 1
12 38 1
12 54 1
12 26 1
12 57 1
13 61 1
13 26 1
13 39 1
13 45 1
13 17 1
13 52 1
13 46 1
13 37 1
13 57 1
13 16 1
13 58 1
13 63 1
13 54 1
13 48 1
13 60 1
13 38 1
13 64 1
14 54 1
14 55 1
14 20 1
14 42 1
14 56 1
14 27 1
14 62 1
14 29 1
14 35 1
14 17 1
14 50 1
14 24 1
14 32 1
14 41 1
14 38 1
15 44 1
15 46 1
15 60 1
15 63 1
15 22 1
15 59 1
15 30 1
15 23 1
15 19 1
15 35 1
15 40 1
16 55 1
16 29 1
16 59 1
16 44 1
16 61 1
16 21 1
16 17 1
16 23 1
16 50 1
16 18 1
17 62 1
17 58 1
17 25 1
17 42 1
17 55 1
17 61 1
17 39 1
17 60 1
17 29 1
17 37 1
17 54 1
17 64 1
17 56 1
17 31 1
17 46 1
17 34 1
18 29 1
18 64 1
18 22 1
18 60 1
18 59 1
18 34 1
18 49 1
18 51 1
18 46 1
18 19 1
18 26 1
18 23 1
18 57 1
18 55 1
18 28 1
18 36 1
18 25 1
18 58 1
18 43 1
18 44 1
19 45 1
19 60 1
19 52 1
19 64 1
19 40 1
19 36 1
19 49 1
19 33 1
19 56 1
19 43 1
19 24 1
19 35 1
19 61 1
19 29 1
19 37 1
20 41 1
20 45 1
20 40 1
20 33 1
20 53 1
20 57 1
20 27 1
20 51 1
20 24 1
20 47 1
20 54 1
20 49 1
20 48 1
20 28 1
20 44 1
20 58 1
20 32 1
21 55 1
21 48 1
21 57 1
21 28 1
21 51 1
21 40 1
21 34 1
21 60 1
21 59 1
21 36 1
21 25 1
21 45 1
21 33 1
22 64 1
22 58 1
22 47 1
22 27 1
22 33 1
22 56 1
22 40 1
22 55 1
22 23 1
22 49 1
22 62 1
22 53 1
23 28 1
23 53 1
23 63 1
23 62 1
23 46 1
23 49 1
23 39 1
23 52 1
23 60 1
23 25 1
23 57 1
23 48 1
23 42 1
23 58 1
23 44 1
23 27 1
23 61 1
23 35 1
23 33 1
23 34 1
24 60 1
24 39 1
24 26 1
24 58 1
24 44 1
24 42 1
24 28 1
24 47 1
24 45 1
25 51 1
25 60 1
25 48 1
25 26 1
25 30 1
25 63 1
25 46 1
25 33 1
25 29 1
25 38 1
25 40 1
25 45 1
25 58 1
26 50 1
26 33 1
26 29 1
26 64 1
26 51 1
26 40 1
26 53 1
26 48 1
26 55 1
26 56 1
26 59 1
26 34 1
26 43 1
26 45 1
26 63 1
26 30 1
26 49 1
26 62 1
26 32 1
26 31 1
27 49 1
27 44 1
27 28 1
27 55 1
27 34 1
27 47 1
27 40 1
27 43 1
27 37 1
27 58 1
27 53 1
28 60 1
28 48 1
28 64 1
28 46 1
28 45 1
28 50 1
28 42 1
28 54 1
28 61 1
28 36 1
28 29 1
28 49 1
28 34 1
29 54 1
29 60 1
29 52 1
29 53 1
29 63 1
29 37 1
29 33 1
29 38 1
29 30 1
30 42 1
30 36 1
30 61 1
30 50 1
30 58 1
30 34 1
30 44 1
30 57 1
30 47 1
30 41 1
30 60 1
30 32 1
30 56 1
30 38 1
31 41 1
31 55 1
31 38 1
31 54 1
31 59 1
31 56 1
31 60 1
31 64 1
31 49 1
31 50 1
31 34 1
31 63 1
31 33 1
32 42 1
32 34 1
32 55 1
32 63 1
32 60 1
33 50 1
33 52 1
33 59 1
33 36 1
33 51 1
33 35 1
33 34 1
33 39 1
33 63 1
33 62 1
33 48 1
33 53 1
33 56 1
33 44 1
34 41 1
34 44 1
34 47 1
34 58 1
34 51 1
34 55 1
34 43 1
35 61 1
35 41 1
35 45 1
35 56 1
35 58 1
35 39 1
35 36 1
35 49 1
36 62 1
36 47 1
36 60 1
36 63 1
36 50 1
36 51 1
36 58 1
36 42 1
36 49 1
36 37 1
36 61 1
37 47 1
37 38 1
37 53 1
37 62 1
37 49 1
37 58 1
37 52 1
37 43 1
37 48 1
37 63 1
37 64 1
37 46 1
37 39 1
38 50 1
38 41 1
38 60 1
38 63 1
38 52 1
38 57 1
38 40 1
38 48 1
39 50 1
39 62 1
39 55 1
39 42 1
39 53 1
39 63 1
39 58 1
39 49 1
39 45 1
39 48 1
40 49 1
40 55 1
40 43 1
40 54 1
40 50 1
40 52 1
40 61 1
40 51 1
40 64 1
40 48 1
41 45 1
41 54 1
41 62 1
41 58 1
41 64 1
42 58 1
42 49 1
42 52 1
42 44 1
42 48 1
42 64 1
42 50 1
42 62 1
42 54 1
42 51 1
42 53 1
42 55 1
43 61 1
43 55 1
43 60 1
43 57 1
43 48 1
43 51 1
43 45 1
44 52 1
44 62 1
44 59 1
44 54 1
44 64 1
44 49 1
44 63 1
44 58 1
44 60 1
44 61 1
45 64 1
45 59 1
45 51 1
46 58 1
46 52 1
46 59 1
46 64 1
46 48 1
46 62 1
46 51 1
47 56 1
47 52 1
47 61 1
47 55 1
47 54 1
47 53 1
48 53 1
48 63 1
48 52 1
48 64 1
48 60 1
48 49 1
48 51 1
48 55 1
49 51 1
49 56 1
49 58 1
49 57 1
50 58 1
50 59 1
50 64 1
50 54 1
50 62 1
50 56 1
51 53 1
51 59 1
51 52 1
51 64 1
51 55 1
51 57 1
51 54 1
52 63 1
52 62 1
52 55 1
53 55 1
53 64 1
53 56 1
53 60 1
54 55 1
54 58 1
54 56 1
54 57 1
54 60 1
55 64 1
55 60 1
55 58 1
56 58 1
57 59 1
57 62 1
57 60 1
58 60 1
58 59 1
58 64 1
59 64 1
60 62 1
61 62 1
63 64 1
