65
0 60 1
0 34 1
0 19 1
0 30 1
0 27 1
0 57 1
0 14 1
0 46 1
0 35 1
0 54 1
0 37 1
0 33 1
0 42 1
0 25 1
0 15 1
0 61 1
0 49 1
0 58 1
0 59 1
0 7 1
0 22 1
0 16 1
0 40 1
0 50 1
0 45 1
0 11 1
0 32 1
1 28 1
1 37 1
1 15 1
1 10 1
1 20 1
1 51 1
1 61 1
1 5 1
1 6 1
1 22 1
1 8 1
1 7 1
1 21 1
1 31 1
1 9 1
1 58 1
1 40 1
1 53 1
1 38 1
1 52 1
1 18 1
1 27 1
1 55 1
1 43 1
1 3 1
1 35 1
2 34 1
2 20 1
2 49 1
2 27 1
2 50 1
2 37 1
2 45 1
2 35 1
2 12 1
2 17 1
2 58 1
2 36 1
2 61 1
2 43 1
2 40 1
2 4 1
2 24 1
2 56 1
2 54 1
2 60 1
2 6 1
2 39 1
2 14 1
2 64 1
3 17 1
3 20 1
3 55 1
3 58 1
3 52 1
3 48 1
3 45 1
3 22 1
3 59 1
3 38 1
3 35 1
3 39 1
3 26 1
4 21 1
4 50 1
4 20 1
4 58 1
4 48 1
4 31 1
4 56 1
4 11 1
4 55 1
4 15 1
4 7 1
4 36 1
4 34 1
4 38 1
4 32 1
4 37 1
5 61 1
5 31 1
5 39 1
5 47 1
5 60 1
5 12 1
5 30 1
5 15 1
5 35 1
5 23 1
5 38 1
5 13 1
5 56 1
5 10 1
5 40 1
5 18 1
5 64 1
5 52 1
5 54 1
5 28 1
5 50 1
6 22 1
6 58 1
6 31 1
6 26 1
6 40 1
6 43 1
6 45 1
6 21 1
6 37 1
6 39 1
6 11 1
6 17 1
6 62 1
6 49 1
6 52 1
6 29 1
6 20 1
6 63 1
6 24 1
6 13 1
6 46 1
6 53 1
6 15 1
6 7 1
6 28 1
7 29 1
7 40 1
7 26 1
7 59 1
7 61 1
7 18 1
7 57 1
7 10 1
7 38 1
7 34 1
7 25 1
7 20 1
7 19 1
7 50 1
7 23 1
7 14 1
7 44 1
8 44 1
8 43 1
8 36 1
8 62 1
8 29 1
8 57 1
8 42 1
8 35 1
8 53 1
8 15 1
8 12 1
8 28 1
8 11 1
8 19 1
8 50 1
8 40 1
8 51 1
8 56 1
8 20 1
9 27 1
9 28 1
9 60 1
9 23 1
9 54 1
9 32 1
9 62 1
9 48 1
9 44 1
9 64 1
9 19 1
9 55 1
9 58 1
9 37 1
9 24 1
9 41 1
9 51 1
9 34 1
9 49 1
9 42 1
10 27 1
10 43 1
10 41 1
10 28 1
10 13 1
10 55 1
10 21 1
10 46 1
10 22 1
10 31 1
10 35 1
10 32 1
10 47 1
10 38 1
10 40 1
10 34 1
10 30 1
10 60 1
10 24 1
10 50 1
10 19 1
10 49 1
10 56 1
10 64 1
11 56 1
11 25 1
11 26 1
11 53 1
11 20 1
11 60 1
11 12 1
11 54 1
11 42 1
11 19 1
11 52 1
11 58 1
11 24 1
11 13 1
11 35 1
11 17 1
11 64 1
11 46 1
11 21 1
11 41 1
12 28 1
12 13 1
12 27 1
12 38 1
12 36 1
12 45 1
12 56 1
12 15 1
12 33 1
12 46 1
12 20 1
12 63 1
12 26 1
12 54 1
12 18 1
13 57 1
13 27 1
13 21 1
13 32 1
13 55 1
13 64 1
13 59 1
13 15 1
13 33 1
13 34 1
13 31 1
13 40 1
13 52 1
13 54 1
13 62 1
13 23 1
13 38 1
14 46 1
14 24 1
14 25 1
14 59 1
14 47 1
14 64 1
14 63 1
14 45 1
14 50 1
14 56 1
14 61 1
14 32 1
15 53 1
15 24 1
15 55 1
15 36 1
15 41 1
15 43 1
15 47 1
15 56 1
15 18 1
15 37 1
15 57 1
15 52 1
15 46 1
15 62 1
15 63 1
15 30 1
15 27 1
15 35 1
15 16 1
16 56 1
16 40 1
16 37 1
16 44 1
16 46 1
16 21 1
16 23 1
16 60 1
16 28 1
16 38 1
16 26 1
16 49 1
16 22 1
16 57 1
16 25 1
17 48 1
17 23 1
17 36 1
17 21 1
17 25 1
17 44 1
17 57 1
17 46 1
17 32 1
17 38 1
17 37 1
17 62 1
17 51 1
17 56 1
17 28 1
17 53 1
17 63 1
17 34 1
17 54 1
18 54 1
18 61 1
18 35 1
18 20 1
18 41 1
18 62 1
18 26 1
18 24 1
18 36 1
18 29 1
18 60 1
18 23 1
18 19 1
18 51 1
19 38 1
19 63 1
19 41 1
19 32 1
19 44 1
19 55 1
19 51 1
19 61 1
19 47 1
19 53 1
19 39 1
19 26 1
19 35 1
19 60 1
19 36 1
19 20 1
19 42 1
19 23 1
20 54 1
20 64 1
20 41 1
20 61 1
20 48 1
20 21 1
20 28 1
20 43 1
20 60 1
20 22 1
20 40 1
20 26 1
21 41 1
21 57 1
21 37 1
21 38 1
21 55 1
21 26 1
21 63 1
21 35 1
21 47 1
21 43 1
21 25 1
21 44 1
22 26 1
22 33 1
22 30 1
22 50 1
22 40 1
22 46 1
22 32 1
22 28 1
22 34 1
22 52 1
22 53 1
22 61 1
23 41 1
23 43 1
23 62 1
23 51 1
23 64 1
23 63 1
23 38 1
23 29 1
23 50 1
23 52 1
23 30 1
23 57 1
23 60 1
23 26 1
23 58 1
23 55 1
23 45 1
24 39 1
24 28 1
24 59 1
24 25 1
24 33 1
24 48 1
24 51 1
24 29 1
24 27 1
25 32 1
25 58 1
25 52 1
25 28 1
25 51 1
25 33 1
25 63 1
25 41 1
25 49 1
25 54 1
25 29 1
25 39 1
25 45 1
25 30 1
25 56 1
25 34 1
25 31 1
25 46 1
25 36 1
25 26 1
25 38 1
26 54 1
26 29 1
26 60 1
26 38 1
26 49 1
26 46 1
26 42 1
26 51 1
26 35 1
26 63 1
26 44 1
27 47 1
27 33 1
27 34 1
27 31 1
27 42 1
27 54 1
27 58 1
27 56 1
27 43 1
27 48 1
27 53 1
27 41 1
28 60 1
28 52 1
28 46 1
28 57 1
28 44 1
28 47 1
28 38 1
28 48 1
28 33 1
28 50 1
28 37 1
29 46 1
29 47 1
29 60 1
29 31 1
29 50 1
29 33 1
29 42 1
29 59 1
29 58 1
29 37 1
29 41 1
29 48 1
29 55 1
29 30 1
30 34 1
30 54 1
30 45 1
30 56 1
30 37 1
30 53 1
30 38 1
30 40 1
30 58 1
30 61 1
30 48 1
30 42 1
30 44 1
31 33 1
31 58 1
31 49 1
31 37 1
31 64 1
31 48 1
31 56 1
31 38 1
31 51 1
31 43 1
32 60 1
32 35 1
32 43 1
32 33 1
32 63 1
32 47 1
32 53 1
32 49 1
32 64 1
32 40 1
32 50 1
32 42 1
33 49 1
33 42 1
33 37 1
33 54 1
33 35 1
33 56 1
33 57 1
33 58 1
33 53 1
33 45 1
33 62 1
33 52 1
33 55 1
33 38 1
33 39 1
34 63 1
34 57 1
34 46 1
34 53 1
34 54 1
34 49 1
34 43 1
34 58 1
34 39 1
34 37 1
34 64 1
34 55 1
35 44 1
35 37 1
35 59 1
35 58 1
35 43 1
35 64 1
35 39 1
36 47 1
36 61 1
36 37 1
36 62 1
36 39 1
36 50 1
36 54 1
36 41 1
36 48 1
36 58 1
36 44 1
36 63 1
36 52 1
37 45 1
37 54 1
37 48 1
37 64 1
37 39 1
37 49 1
37 59 1
37 52 1
37 41 1
37 63 1
38 64 1
38 44 1
38 48 1
38 46 1
38 51 1
38 41 1
38 39 1
38 62 1
38 47 1
39 64 1
39 55 1
39 50 1
39 60 1
39 43 1
39 49 1
39 44 1
39 54 1
39 62 1
40 54 1
40 50 1
40 41 1
40 42 1
40 62 1
40 59 1
41 60 1
41 50 1
41 44 1
41 43 1
41 57 1
42 47 1
42 55 1
42 46 1
42 63 1
42 53 1
42 56 1
42 48 1
43 55 1
43 63 1
43 47 1
43 51 1
43 45 1
43 58 1
43 56 1
43 52 1
43 53 1
44 45 1
44 60 1
44 54 1
44 57 1
44 56 1
44 51 1
44 64 1
45 52 1
45 57 1
45 48 1
45 63 1
45 47 1
45 61 1
46 52 1
46 56 1
46 55 1
46 49 1
46 62 1
46 53 1
46 60 1
46 63 1
47 60 1
47 61 1
47 53 1
47 51 1
47 58 1
47 48 1
48 62 1
48 64 1
48 52 1
48 58 1
48 51 1
48 61 1
48 49 1
49 63 1
49 53 1
49 60 1
49 56 1
50 64 1
50 53 1
50 57 1
50 62 1
51 55 1
52 54 1
52 64 1
52 53 1
52 59 1
52 55 1
52 60 1
53 57 1
53 59 1
53 56 1
53 62 1
53 55 1
53 54 1
53 63 1
53 64 1
54 58 1
54 56 1
54 57 1
54 63 1
54 62 1
55 57 1
55 56 1
55 59 1
55 58 1
56 60 1
56 63 1
56 57 1
56 62 1
57 59 1
59 64 1
59 61 1
59 62 1
59 60 1
59 63 1
60 64 1
60 62 1
60 61 1
