65
0 46 1
0 30 1
0 20 1
0 36 1
0 11 1
0 17 1
0 56 1
0 52 1
0 28 1
0 32 1
0 42 1
0 51 1
0 1 1
0 44 1
0 29 1
0 5 1
0 24 1
0 39 1
0 2 1
0 8 1
0 27 1
0 55 1
0 62 1
0 13 1
0 33 1
0 35 1
0 60 1
0 12 1
1 39 1
1 41 1
1 33 1
1 25 1
1 12 1
1 22 1
1 37 1
1 54 1
1 32 1
1 23 1
1 19 1
1 56 1
1 55 1
1 43 1
1 4 1
1 48 1
1 15 1
1 30 1
1 14 1
1 61 1
1 40 1
1 47 1
2 40 1
2 62 1
2 10 1
2 17 1
2 23 1
2 41 1
2 26 1
2 39 1
2 58 1
2 11 1
2 32 1
2 61 1
2 43 1
2 60 1
2 21 1
2 15 1
2 46 1
2 27 1
2 31 1
2 57 1
2 54 1
2 42 1
3 50 1
3 58 1
3 36 1
3 22 1
3 39 1
3 53 1
3 59 1
3 62 1
3 28 1
3 52 1
3 30 1
3 16 1
3 43 1
3 37 1
3 49 1
3 56 1
3 14 1
3 29 1
3 10 1
3 11 1
3 5 1
3 38 1
3 6 1
4 60 1
4 15 1
4 12 1
4 5 1
4 30 1
4 13 1
4 42 1
4 54 1
4 38 1
4 36 1
4 9 1
4 20 1
4 26 1
4 18 1
4 41 1
4 35 1
4 33 1
4 23 1
4 45 1
4 31 1
4 44 1
4 24 1
5 59 1
5 49 1
5 20 1
5 42 1
5 53 1
5 21 1
5 60 1
5 61 1
5 26 1
5 18 1
5 52 1
5 9 1
5 57 1
5 27 1
5 11 1
5 39 1
5 23 1
6 7 1
6 16 1
6 17 1
6 28 1
6 40 1
6 32 1
6 41 1
6 27 1
6 39 1
6 13 1
6 43 1
6 30 1
6 52 1
6 60 1
6 54 1
7 63 1
7 49 1
7 23 1
7 19 1
7 43 1
7 58 1
7 47 1
7 36 1
7 8 1
7 25 1
7 13 1
7 54 1
7 37 1
7 48 1
7 12 1
7 11 1
7 45 1
7 57 1
7 39 1
8 33 1
8 54 1
8 31 1
8 38 1
8 14 1
8 64 1
8 21 1
8 15 1
8 41 1
8 30 1
8 27 1
8 12 1
8 22 1
8 56 1
8 47 1
8 53 1
8 13 1
8 36 1
8 40 1
8 25 1
8 43 1
9 29 1
9 25 1
9 20 1
9 36 1
9 35 1
9 33 1
9 44 1
9 22 1
9 19 1
9 53 1
9 39 1
9 12 1
9 21 1
9 40 1
9 47 1
9 46 1
9 23 1
9 52 1
9 61 1
9 13 1
9 10 1
9 64 1
9 57 1
9 56 1
10 13 1
10 42 1
10 21 1
10 56 1
10 53 1
10 37 1
10 34 1
10 64 1
10 20 1
10 55 1
10 54 1
10 19 1
10 18 1
10 28 1
10 59 1
11 16 1
11 32 1
11 62 1
11 58 1
11 33 1
11 12 1
11 13 1
11 21 1
11 15 1
11 41 1
11 55 1
11 26 1
11 40 1
11 60 1
11 31 1
11 53 1
11 17 1
12 33 1
12 41 1
12 36 1
12 37 1
12 23 1
12 44 1
12 29 1
12 49 1
12 16 1
12 17 1
12 32 1
12 40 1
12 22 1
12 34 1
12 20 1
12 25 1
12 21 1
12 54 1
12 35 1
12 52 1
13 16 1
13 33 1
13 42 1
13 15 1
13 37 1
13 48 1
13 17 1
13 34 1
13 64 1
13 50 1
13 28 1
13 40 1
13 18 1
13 23 1
14 48 1
14 42 1
14 20 1
14 61 1
14 26 1
14 34 1
14 28 1
14 54 1
14 49 1
14 45 1
14 29 1
14 63 1
14 60 1
14 44 1
14 39 1
14 59 1
14 64 1
14 22 1
14 52 1
15 54 1
15 43 1
15 41 1
15 34 1
15 31 1
15 57 1
15 18 1
15 42 1
15 22 1
15 61 1
15 47 1
15 44 1
15 58 1
15 56 1
15 38 1
15 30 1
16 22 1
16 58 1
16 32 1
16 21 1
16 49 1
16 24 1
16 60 1
16 64 1
16 41 1
16 46 1
16 39 1
16 38 1
16 47 1
16 53 1
16 56 1
16 51 1
17 64 1
17 27 1
17 50 1
17 36 1
17 59 1
17 18 1
17 30 1
17 46 1
17 28 1
17 62 1
17 57 1
17 31 1
17 40 1
18 64 1
18 59 1
18 34 1
18 19 1
18 22 1
18 60 1
18 58 1
18 46 1
18 21 1
18 33 1
18 24 1
18 57 1
18 26 1
18 61 1
18 45 1
18 38 1
18 53 1
18 43 1
18 37 1
18 27 1
18 51 1
19 58 1
19 48 1
19 60 1
19 39 1
19 40 1
19 50 1
19 49 1
19 36 1
19 61 1
19 42 1
19 56 1
19 51 1
19 21 1
20 58 1
20 31 1
20 40 1
20 24 1
20 50 1
20 57 1
20 64 1
20 25 1
20 22 1
20 23 1
20 26 1
20 21 1
20 62 1
20 39 1
20 32 1
20 27 1
20 28 1
20 46 1
21 44 1
21 47 1
21 42 1
21 34 1
21 41 1
21 30 1
21 28 1
21 46 1
21 40 1
21 23 1
21 50 1
21 49 1
21 59 1
21 56 1
21 52 1
22 50 1
22 47 1
22 49 1
22 54 1
22 44 1
22 39 1
22 56 1
22 53 1
22 28 1
22 36 1
22 43 1
22 61 1
22 57 1
22 63 1
22 34 1
22 48 1
23 53 1
23 34 1
23 64 1
23 31 1
23 27 1
23 42 1
23 36 1
23 37 1
23 51 1
23 62 1
23 38 1
23 39 1
23 48 1
23 47 1
23 54 1
23 50 1
23 32 1
23 61 1
23 30 1
23 59 1
23 63 1
24 48 1
24 46 1
24 34 1
24 62 1
24 31 1
24 42 1
24 37 1
24 30 1
24 27 1
24 32 1
24 52 1
24 54 1
24 25 1
24 39 1
25 41 1
25 58 1
25 46 1
25 57 1
25 49 1
25 51 1
25 30 1
25 62 1
25 26 1
25 54 1
25 40 1
26 36 1
26 27 1
26 53 1
26 32 1
26 55 1
26 46 1
26 43 1
26 54 1
26 28 1
26 38 1
26 44 1
26 41 1
27 34 1
27 29 1
27 51 1
27 55 1
27 63 1
27 38 1
27 35 1
27 30 1
27 60 1
27 47 1
28 43 1
28 47 1
28 63 1
28 32 1
28 51 1
28 34 1
28 38 1
28 50 1
28 57 1
28 60 1
28 39 1
28 52 1
29 53 1
29 38 1
29 47 1
29 60 1
29 55 1
29 44 1
29 43 1
29 50 1
29 46 1
29 35 1
29 59 1
29 40 1
30 41 1
30 35 1
30 57 1
30 46 1
30 33 1
30 38 1
30 60 1
31 62 1
31 51 1
31 44 1
31 43 1
31 54 1
31 33 1
31 42 1
31 40 1
32 58 1
32 37 1
32 40 1
32 33 1
32 41 1
32 38 1
32 61 1
32 57 1
32 60 1
33 57 1
33 61 1
33 40 1
33 45 1
33 63 1
33 44 1
33 41 1
33 62 1
33 35 1
33 55 1
33 60 1
34 43 1
34 51 1
34 37 1
34 58 1
34 47 1
34 63 1
34 36 1
34 62 1
34 35 1
34 55 1
34 46 1
34 53 1
35 38 1
35 61 1
35 44 1
35 39 1
35 40 1
35 53 1
35 50 1
35 60 1
35 47 1
35 63 1
35 55 1
36 63 1
36 39 1
36 59 1
36 60 1
36 38 1
36 42 1
36 49 1
36 57 1
36 47 1
36 56 1
36 44 1
36 61 1
36 41 1
36 52 1
37 42 1
37 60 1
37 48 1
37 39 1
37 54 1
37 58 1
37 41 1
37 38 1
37 53 1
37 62 1
37 47 1
37 51 1
38 44 1
38 40 1
38 59 1
38 55 1
38 58 1
38 56 1
38 62 1
38 54 1
38 48 1
38 52 1
38 60 1
38 51 1
39 47 1
39 40 1
39 41 1
39 42 1
39 54 1
40 44 1
40 45 1
40 64 1
40 58 1
40 56 1
40 51 1
40 52 1
41 55 1
41 54 1
41 42 1
41 49 1
41 51 1
41 56 1
41 52 1
41 58 1
41 43 1
42 44 1
42 61 1
42 64 1
42 45 1
42 62 1
42 59 1
42 51 1
42 48 1
42 60 1
42 53 1
43 52 1
43 61 1
43 55 1
43 63 1
43 53 1
43 56 1
43 45 1
43 62 1
43 50 1
45 47 1
45 61 1
45 52 1
45 60 1
45 64 1
45 46 1
46 61 1
46 54 1
46 50 1
46 47 1
46 55 1
46 56 1
46 51 1
46 48 1
47 59 1
47 48 1
47 57 1
48 49 1
48 56 1
48 63 1
48 59 1
48 61 1
49 54 1
49 53 1
49 64 1
49 58 1
49 51 1
49 60 1
50 58 1
50 51 1
50 54 1
50 52 1
50 64 1
51 62 1
51 59 1
51 57 1
51 60 1
51 55 1
51 58 1
52 58 1
52 62 1
52 57 1
52 55 1
52 64 1
53 55 1
53 54 1
53 61 1
54 59 1
54 56 1
54 57 1
55 60 1
55 59 1
56 61 1
56 63 1
56 64 1
56 59 1
56 62 1
57 63 1
57 59 1
57 60 1
57 64 1
57 62 1
58 63 1
58 62 1
58 64 1
59 63 1
59 62 1
59 64 1
59 60 1
60 61 1
60 63 1
61 63 1
61 64 1
62 64 1
