65
0 42 1
0 11 1
0 51 1
0 26 1
0 58 1
0 13 1
0 56 1
0 9 1
0 40 1
0 1 1
0 20 1
0 50 1
0 10 1
0 4 1
0 39 1
0 7 1
0 14 1
0 53 1
0 61 1
0 62 1
0 16 1
0 35 1
0 27 1
0 18 1
0 21 1
0 23 1
0 6 1
0 47 1
0 57 1
0 37 1
0 32 1
0 2 1
1 24 1
1 53 1
1 11 1
1 3 1
1 44 1
1 27 1
1 30 1
1 31 1
1 10 1
1 7 1
1 8 1
1 26 1
1 48 1
1 50 1
1 4 1
1 54 1
1 40 1
1 59 1
1 58 1
1 34 1
1 56 1
1 64 1
1 43 1
1 63 1
2 42 1
2 22 1
2 32 1
2 18 1
2 37 1
2 16 1
2 10 1
2 52 1
2 61 1
2 23 1
2 8 1
2 3 1
2 55 1
2 53 1
2 33 1
2 47 1
2 50 1
2 26 1
3 12 1
3 16 1
3 11 1
3 40 1
3 48 1
3 52 1
3 13 1
3 45 1
3 57 1
3 56 1
3 28 1
3 26 1
3 50 1
3 20 1
3 32 1
3 10 1
3 46 1
3 59 1
3 64 1
3 4 1
3 29 1
3 34 1
4 46 1
4 14 1
4 27 1
4 31 1
4 63 1
4 57 1
4 54 1
4 8 1
4 44 1
4 35 1
4 61 1
4 52 1
4 58 1
4 15 1
4 20 1
4 29 1
4 43 1
4 28 1
4 18 1
4 11 1
4 25 1
4 60 1
4 49 1
4 40 1
4 50 1
4 62 1
4 23 1
4 17 1
4 39 1
5 22 1
5 39 1
5 37 1
5 12 1
5 42 1
5 53 1
5 51 1
5 52 1
5 26 1
5 45 1
5 36 1
5 55 1
5 18 1
5 60 1
5 14 1
5 28 1
5 29 1
5 56 1
5 9 1
5 34 1
6 39 1
6 7 1
6 24 1
6 32 1
6 23 1
6 21 1
6 57 1
6 52 1
6 31 1
6 48 1
6 22 1
6 34 1
6 25 1
7 26 1
7 8 1
7 43 1
7 33 1
7 56 1
7 42 1
7 23 1
7 12 1
7 20 1
7 14 1
7 47 1
7 46 1
7 11 1
7 57 1
7 60 1
7 13 1
7 32 1
7 15 1
7 39 1
7 54 1
7 25 1
7 31 1
7 21 1
8 49 1
8 37 1
8 61 1
8 34 1
8 31 1
8 50 1
8 55 1
8 57 1
8 32 1
8 44 1
8 14 1
8 36 1
8 42 1
9 31 1
9 13 1
9 47 1
9 43 1
9 41 1
9 42 1
9 34 1
9 45 1
9 23 1
9 58 1
9 63 1
9 38 1
9 32 1
9 62 1
9 16 1
10 53 1
10 52 1
10 54 1
10 27 1
10 17 1
10 32 1
10 62 1
10 33 1
10 50 1
10 31 1
10 59 1
10 56 1
10 37 1
10 49 1
11 17 1
11 64 1
11 21 1
11 35 1
11 14 1
11 40 1
11 34 1
11 23 1
11 33 1
11 24 1
11 58 1
11 61 1
11 26 1
11 37 1
11 53 1
11 54 1
11 36 1
11 15 1
12 49 1
12 25 1
12 51 1
12 45 1
12 28 1
12 18 1
12 44 1
12 39 1
12 35 1
12 27 1
12 20 1
12 60 1
12 48 1
12 57 1
12 59 1
12 24 1
12 30 1
12 52 1
12 32 1
12 41 1
13 21 1
13 60 1
13 38 1
13 57 1
13 48 1
13 31 1
13 34 1
13 27 1
13 44 1
13 64 1
13 29 1
13 52 1
13 62 1
13 35 1
13 16 1
14 42 1
14 32 1
14 34 1
14 54 1
14 60 1
14 17 1
14 24 1
14 55 1
14 41 1
14 22 1
14 49 1
14 27 1
14 33 1
14 50 1
14 58 1
14 48 1
14 64 1
15 53 1
15 45 1
15 16 1
15 28 1
15 35 1
15 23 1
15 39 1
15 17 1
15 24 1
15 47 1
15 63 1
15 36 1
15 49 1
15 18 1
15 38 1
15 46 1
15 59 1
15 22 1
15 58 1
15 30 1
15 48 1
15 31 1
15 32 1
16 39 1
16 45 1
16 23 1
16 57 1
16 54 1
16 46 1
16 52 1
16 17 1
16 50 1
16 60 1
16 35 1
16 19 1
16 59 1
16 18 1
16 26 1
16 61 1
16 51 1
16 22 1
16 43 1
16 27 1
17 21 1
17 38 1
17 47 1
17 30 1
17 61 1
17 18 1
17 56 1
17 33 1
17 29 1
17 35 1
17 31 1
17 25 1
17 26 1
17 40 1
17 48 1
17 53 1
18 24 1
18 57 1
18 54 1
18 64 1
18 41 1
18 50 1
18 21 1
18 51 1
18 19 1
18 56 1
18 61 1
18 63 1
18 28 1
18 25 1
18 31 1
18 52 1
18 36 1
18 55 1
18 32 1
18 34 1
18 30 1
18 26 1
19 37 1
19 44 1
19 24 1
19 53 1
19 36 1
19 46 1
19 49 1
19 38 1
19 43 1
19 48 1
19 29 1
19 62 1
19 57 1
19 45 1
20 61 1
20 41 1
20 22 1
20 44 1
20 52 1
20 30 1
20 37 1
20 23 1
20 27 1
20 33 1
20 40 1
20 43 1
21 58 1
21 31 1
21 36 1
21 52 1
21 64 1
21 47 1
21 30 1
21 49 1
21 29 1
21 32 1
21 26 1
21 22 1
21 23 1
21 28 1
21 63 1
21 54 1
21 41 1
22 62 1
22 54 1
22 33 1
22 37 1
22 58 1
22 60 1
22 42 1
22 26 1
22 55 1
22 41 1
22 34 1
22 59 1
22 48 1
23 47 1
23 58 1
23 64 1
23 34 1
23 49 1
23 51 1
23 63 1
23 31 1
23 56 1
23 43 1
23 29 1
23 42 1
23 25 1
23 32 1
23 59 1
24 54 1
24 63 1
24 38 1
24 30 1
24 45 1
24 50 1
24 28 1
24 40 1
24 32 1
24 42 1
24 26 1
24 31 1
24 47 1
24 33 1
24 37 1
24 35 1
24 51 1
24 46 1
25 55 1
25 51 1
25 62 1
25 46 1
25 45 1
25 30 1
25 64 1
25 61 1
25 33 1
25 38 1
25 48 1
25 35 1
25 41 1
26 41 1
26 42 1
26 33 1
26 38 1
26 29 1
26 59 1
26 44 1
26 64 1
26 43 1
26 36 1
27 63 1
27 28 1
27 53 1
27 58 1
27 46 1
27 37 1
27 57 1
27 56 1
27 43 1
27 50 1
27 51 1
27 30 1
28 49 1
28 31 1
28 36 1
28 42 1
28 59 1
28 50 1
28 58 1
28 56 1
28 47 1
28 34 1
28 48 1
28 32 1
29 34 1
29 40 1
29 39 1
29 33 1
29 57 1
29 48 1
29 45 1
29 63 1
29 30 1
29 54 1
29 31 1
29 62 1
30 34 1
30 38 1
30 52 1
30 43 1
30 64 1
30 61 1
30 42 1
30 35 1
30 39 1
30 33 1
30 60 1
30 59 1
31 54 1
31 62 1
31 53 1
31 49 1
31 51 1
31 57 1
31 55 1
31 37 1
31 32 1
32 45 1
32 47 1
32 33 1
32 50 1
32 44 1
32 54 1
32 61 1
32 42 1
33 64 1
33 59 1
33 62 1
33 50 1
33 37 1
33 52 1
33 42 1
33 63 1
33 55 1
33 61 1
33 60 1
33 38 1
33 40 1
33 35 1
33 36 1
34 56 1
34 57 1
34 43 1
34 47 1
34 54 1
34 51 1
34 59 1
34 39 1
34 44 1
34 37 1
34 38 1
35 40 1
35 57 1
35 36 1
35 47 1
35 46 1
35 55 1
35 37 1
35 52 1
35 39 1
35 41 1
35 42 1
35 44 1
35 59 1
36 53 1
36 56 1
36 57 1
36 37 1
36 44 1
36 42 1
37 48 1
37 60 1
37 53 1
37 63 1
37 44 1
37 40 1
37 47 1
38 46 1
38 54 1
38 47 1
38 42 1
38 43 1
38 45 1
38 56 1
39 51 1
39 46 1
39 48 1
39 59 1
39 42 1
39 47 1
39 49 1
39 53 1
39 43 1
40 49 1
40 62 1
40 50 1
40 54 1
40 53 1
40 59 1
40 46 1
40 57 1
40 48 1
40 56 1
40 41 1
41 52 1
41 48 1
41 63 1
41 53 1
41 46 1
41 61 1
41 47 1
41 62 1
41 54 1
42 62 1
42 55 1
42 64 1
42 54 1
42 49 1
42 58 1
42 50 1
42 45 1
42 63 1
43 51 1
43 59 1
43 64 1
43 45 1
43 49 1
43 56 1
43 54 1
43 61 1
44 53 1
44 64 1
44 48 1
44 56 1
44 55 1
44 47 1
45 54 1
45 53 1
45 57 1
45 61 1
45 64 1
45 63 1
45 56 1
45 49 1
45 60 1
45 59 1
45 55 1
45 58 1
45 48 1
46 51 1
46 50 1
46 48 1
47 56 1
47 54 1
47 48 1
47 58 1
47 59 1
47 52 1
47 63 1
47 49 1
47 57 1
48 54 1
48 57 1
48 50 1
49 62 1
49 60 1
49 52 1
49 54 1
49 51 1
50 56 1
50 61 1
50 59 1
50 62 1
50 64 1
50 58 1
51 52 1
51 56 1
51 57 1
51 53 1
51 61 1
52 60 1
52 59 1
52 53 1
52 61 1
52 63 1
53 64 1
54 56 1
54 57 1
54 62 1
54 59 1
55 58 1
55 64 1
56 64 1
56 59 1
57 64 1
57 61 1
58 59 1
58 60 1
58 61 1
58 63 1
59 60 1
60 63 1
