65
0 1 1
0 62 1
0 54 1
0 22 1
0 6 1
0 20 1
0 23 1
0 13 1
0 58 1
0 18 1
0 9 1
0 5 1
0 61 1
0 55 1
0 40 1
0 19 1
0 49 1
0 47 1
0 16 1
0 12 1
0 3 1
1 13 1
1 10 1
1 8 1
1 4 1
1 3 1
1 52 1
1 36 1
1 58 1
1 26 1
1 23 1
1 38 1
1 6 1
1 48 1
1 61 1
1 60 1
1 43 1
1 53 1
1 27 1
1 40 1
1 33 1
1 63 1
1 20 1
1 24 1
1 17 1
1 12 1
1 19 1
2 28 1
2 62 1
2 33 1
2 23 1
2 36 1
2 21 1
2 63 1
2 60 1
2 41 1
2 7 1
2 61 1
2 38 1
2 54 1
2 9 1
2 16 1
3 43 1
3 61 1
3 14 1
3 5 1
3 60 1
3 6 1
3 22 1
3 18 1
3 55 1
3 54 1
3 23 1
3 7 1
3 58 1
3 15 1
3 37 1
3 29 1
3 50 1
3 30 1
3 20 1
3 46 1
4 26 1
4 29 1
4 35 1
4 54 1
4 51 1
4 47 1
4 32 1
4 61 1
4 25 1
4 6 1
4 31 1
4 62 1
4 46 1
4 20 1
4 38 1
4 58 1
4 19 1
4 9 1
4 49 1
4 57 1
4 60 1
4 10 1
5 50 1
5 64 1
5 16 1
5 30 1
5 53 1
5 26 1
5 11 1
5 46 1
5 32 1
5 12 1
5 59 1
5 18 1
5 49 1
5 22 1
5 13 1
5 31 1
5 19 1
5 33 1
5 57 1
5 55 1
5 58 1
5 28 1
6 24 1
6 9 1
6 58 1
6 57 1
6 7 1
6 40 1
6 41 1
6 44 1
6 61 1
6 15 1
6 38 1
6 23 1
6 35 1
6 34 1
7 17 1
7 61 1
7 63 1
7 25 1
7 52 1
7 32 1
7 39 1
7 24 1
7 30 1
7 29 1
7 31 1
7 50 1
7 46 1
7 22 1
7 62 1
8 36 1
8 38 1
8 28 1
8 55 1
8 31 1
8 25 1
8 24 1
8 12 1
8 33 1
8 35 1
8 48 1
8 32 1
8 47 1
8 27 1
8 40 1
8 56 1
8 10 1
8 13 1
9 16 1
9 50 1
9 56 1
9 19 1
9 24 1
9 17 1
9 31 1
9 41 1
9 35 1
9 36 1
9 38 1
9 52 1
9 51 1
9 47 1
9 37 1
9 62 1
9 60 1
9 43 1
10 37 1
10 55 1
10 25 1
10 49 1
10 30 1
10 60 1
10 16 1
10 53 1
10 56 1
10 34 1
10 58 1
10 29 1
10 54 1
10 38 1
10 40 1
10 51 1
10 28 1
11 60 1
11 13 1
11 15 1
11 41 1
11 49 1
11 63 1
11 19 1
11 28 1
11 47 1
11 52 1
11 64 1
11 50 1
11 55 1
11 29 1
11 32 1
11 39 1
11 58 1
11 30 1
11 46 1
11 37 1
11 44 1
12 28 1
12 40 1
12 43 1
12 53 1
12 21 1
12 63 1
12 57 1
12 34 1
12 38 1
12 17 1
12 14 1
12 51 1
12 52 1
12 19 1
12 60 1
12 46 1
12 49 1
12 15 1
12 41 1
12 35 1
12 56 1
12 16 1
13 48 1
13 35 1
13 14 1
13 25 1
13 53 1
13 46 1
13 26 1
13 64 1
13 42 1
13 45 1
13 21 1
13 22 1
13 38 1
13 16 1
13 24 1
13 58 1
13 18 1
14 32 1
14 33 1
14 37 1
14 62 1
14 56 1
14 15 1
14 61 1
14 28 1
14 31 1
14 53 1
14 42 1
14 47 1
14 29 1
14 26 1
14 43 1
14 64 1
14 21 1
15 18 1
15 19 1
15 56 1
15 48 1
15 32 1
15 54 1
15 38 1
15 55 1
15 53 1
15 25 1
15 59 1
15 64 1
15 44 1
15 39 1
15 46 1
15 30 1
15 47 1
15 34 1
15 40 1
15 36 1
15 20 1
15 16 1
15 52 1
15 35 1
16 27 1
16 32 1
16 44 1
16 64 1
16 63 1
16 34 1
16 60 1
16 30 1
16 19 1
16 20 1
16 47 1
16 46 1
16 62 1
16 49 1
16 59 1
16 22 1
17 48 1
17 22 1
17 59 1
17 18 1
17 43 1
17 44 1
17 60 1
17 54 1
17 56 1
17 41 1
17 30 1
17 39 1
17 49 1
17 23 1
17 47 1
17 33 1
17 37 1
18 54 1
18 33 1
18 56 1
18 21 1
18 53 1
18 30 1
18 25 1
18 35 1
18 39 1
18 38 1
18 43 1
18 63 1
18 29 1
18 45 1
18 58 1
18 32 1
18 49 1
18 62 1
19 37 1
19 44 1
19 61 1
19 32 1
19 39 1
19 54 1
19 41 1
19 34 1
19 52 1
19 23 1
19 60 1
19 47 1
19 40 1
19 26 1
19 63 1
20 46 1
20 51 1
20 59 1
20 54 1
20 60 1
20 30 1
20 64 1
20 36 1
20 62 1
20 58 1
20 40 1
20 47 1
20 21 1
20 35 1
21 54 1
21 64 1
21 62 1
21 35 1
21 60 1
21 61 1
21 28 1
21 29 1
21 53 1
21 59 1
21 42 1
21 52 1
22 28 1
22 54 1
22 53 1
22 52 1
22 26 1
22 64 1
22 38 1
22 31 1
22 36 1
22 46 1
22 47 1
22 50 1
22 43 1
23 56 1
23 39 1
23 59 1
23 25 1
23 24 1
23 32 1
23 36 1
23 45 1
23 44 1
23 47 1
23 40 1
23 49 1
23 50 1
24 30 1
24 26 1
24 61 1
24 64 1
24 35 1
24 45 1
24 34 1
24 46 1
24 62 1
24 50 1
24 37 1
24 58 1
24 49 1
24 41 1
24 33 1
24 57 1
25 56 1
25 39 1
25 62 1
25 61 1
25 55 1
25 47 1
25 43 1
25 28 1
25 37 1
25 42 1
25 52 1
25 29 1
25 49 1
26 44 1
26 27 1
26 42 1
26 45 1
26 36 1
26 49 1
26 61 1
26 28 1
26 37 1
26 54 1
26 31 1
27 64 1
27 40 1
27 44 1
27 32 1
27 37 1
27 28 1
27 54 1
27 48 1
27 60 1
27 33 1
27 31 1
27 55 1
27 46 1
28 40 1
28 59 1
28 44 1
28 57 1
28 46 1
28 49 1
28 63 1
28 60 1
28 34 1
28 50 1
28 61 1
28 62 1
28 31 1
29 40 1
29 53 1
29 43 1
29 50 1
29 49 1
29 32 1
29 52 1
29 39 1
29 44 1
29 60 1
29 47 1
29 33 1
29 51 1
30 52 1
30 46 1
30 45 1
30 43 1
30 56 1
30 53 1
30 40 1
30 38 1
30 49 1
30 44 1
30 60 1
30 63 1
30 33 1
31 42 1
31 45 1
31 46 1
31 34 1
31 64 1
31 59 1
31 60 1
31 40 1
31 63 1
31 35 1
31 38 1
31 41 1
31 33 1
31 44 1
31 62 1
32 35 1
32 59 1
32 61 1
32 45 1
32 53 1
32 41 1
32 60 1
32 51 1
32 57 1
32 63 1
32 38 1
32 34 1
32 44 1
32 54 1
32 42 1
33 58 1
33 57 1
33 51 1
33 64 1
33 48 1
33 49 1
33 47 1
33 59 1
33 61 1
33 34 1
34 63 1
34 40 1
34 35 1
34 54 1
34 36 1
34 39 1
34 44 1
34 47 1
34 64 1
34 42 1
34 60 1
34 56 1
34 53 1
34 62 1
34 48 1
34 55 1
35 62 1
35 47 1
35 53 1
35 42 1
35 64 1
35 63 1
35 41 1
35 52 1
35 43 1
35 40 1
35 51 1
35 50 1
36 58 1
36 44 1
36 51 1
36 52 1
36 55 1
36 54 1
36 45 1
36 40 1
37 63 1
37 54 1
37 42 1
37 43 1
37 47 1
37 38 1
37 48 1
37 60 1
37 45 1
37 44 1
38 40 1
38 62 1
38 55 1
38 59 1
38 64 1
38 58 1
38 61 1
38 39 1
38 60 1
38 44 1
39 53 1
39 62 1
39 63 1
39 42 1
39 43 1
39 64 1
39 47 1
39 44 1
39 51 1
39 61 1
40 61 1
40 53 1
40 60 1
40 41 1
40 48 1
40 46 1
40 43 1
40 58 1
40 50 1
40 52 1
40 54 1
41 53 1
41 47 1
41 49 1
41 57 1
41 60 1
42 56 1
42 48 1
42 44 1
42 57 1
42 50 1
42 45 1
42 60 1
42 59 1
42 58 1
43 51 1
43 61 1
43 45 1
43 54 1
43 60 1
43 48 1
43 46 1
43 55 1
43 56 1
43 49 1
44 61 1
44 51 1
44 56 1
45 51 1
45 64 1
45 54 1
45 48 1
45 62 1
45 60 1
45 59 1
45 47 1
46 48 1
46 58 1
46 62 1
46 64 1
46 52 1
46 60 1
46 51 1
46 63 1
46 50 1
47 63 1
47 58 1
47 49 1
47 61 1
47 59 1
47 64 1
48 57 1
48 63 1
48 55 1
48 49 1
48 58 1
49 56 1
49 59 1
49 54 1
49 55 1
50 52 1
50 56 1
50 64 1
50 62 1
51 52 1
51 55 1
51 58 1
51 56 1
52 57 1
52 62 1
53 62 1
53 54 1
53 56 1
53 60 1
54 62 1
54 59 1
54 61 1
54 60 1
55 58 1
55 60 1
55 64 1
55 56 1
56 59 1
57 61 1
57 58 1
57 60 1
58 64 1
58 62 1
59 63 1
59 60 1
60 64 1
61 62 1
61 63 1
