65
0 53 1
0 26 1
0 11 1
0 2 1
0 38 1
0 61 1
0 42 1
0 4 1
0 36 1
0 54 1
0 59 1
0 40 1
0 51 1
0 8 1
0 39 1
0 49 1
0 46 1
0 22 1
0 43 1
0 35 1
0 41 1
0 50 1
0 57 1
1 28 1
1 59 1
1 41 1
1 11 1
1 7 1
1 19 1
1 4 1
1 56 1
1 58 1
1 26 1
1 8 1
1 25 1
1 51 1
1 40 1
1 27 1
1 16 1
1 20 1
1 61 1
1 3 1
1 35 1
1 2 1
2 53 1
2 33 1
2 27 1
2 12 1
2 11 1
2 57 1
2 32 1
2 23 1
2 52 1
2 62 1
2 49 1
2 46 1
2 6 1
2 35 1
2 5 1
2 43 1
2 29 1
2 14 1
3 24 1
3 26 1
3 32 1
3 18 1
3 11 1
3 34 1
3 44 1
3 4 1
3 58 1
3 61 1
3 29 1
3 62 1
3 39 1
3 50 1
3 52 1
3 53 1
3 56 1
3 5 1
3 51 1
3 47 1
3 54 1
3 37 1
3 36 1
3 46 1
3 28 1
4 48 1
4 58 1
4 22 1
4 23 1
4 42 1
4 64 1
4 47 1
4 9 1
4 51 1
4 34 1
4 29 1
4 41 1
4 61 1
4 36 1
4 25 1
4 12 1
4 50 1
4 46 1
4 26 1
4 37 1
4 24 1
4 62 1
4 14 1
4 27 1
4 31 1
5 56 1
5 34 1
5 19 1
5 58 1
5 63 1
5 11 1
5 37 1
5 6 1
5 51 1
5 10 1
5 22 1
5 49 1
5 20 1
5 16 1
5 8 1
5 62 1
5 23 1
6 10 1
6 21 1
6 54 1
6 52 1
6 55 1
6 31 1
6 25 1
6 49 1
6 29 1
6 60 1
6 46 1
6 37 1
6 24 1
6 64 1
6 61 1
6 26 1
6 48 1
6 17 1
6 33 1
6 30 1
6 58 1
6 45 1
6 7 1
7 62 1
7 58 1
7 11 1
7 55 1
7 30 1
7 44 1
7 35 1
7 45 1
7 39 1
7 33 1
7 12 1
7 26 1
7 18 1
7 49 1
7 27 1
7 9 1
7 40 1
8 56 1
8 19 1
8 62 1
8 46 1
8 38 1
8 51 1
8 26 1
8 11 1
8 47 1
8 64 1
8 9 1
8 59 1
8 44 1
8 31 1
8 43 1
8 42 1
8 37 1
8 28 1
8 40 1
8 63 1
8 25 1
8 39 1
8 49 1
8 12 1
8 55 1
8 52 1
9 24 1
9 19 1
9 62 1
9 20 1
9 10 1
9 39 1
9 64 1
9 35 1
9 52 1
9 38 1
9 42 1
9 49 1
9 17 1
9 46 1
10 14 1
10 19 1
10 12 1
10 50 1
10 61 1
10 49 1
10 21 1
10 46 1
10 35 1
10 45 1
10 41 1
10 52 1
10 17 1
11 45 1
11 36 1
11 34 1
11 51 1
11 27 1
11 62 1
11 16 1
11 59 1
11 37 1
11 56 1
11 39 1
11 17 1
11 50 1
11 13 1
11 15 1
12 19 1
12 15 1
12 35 1
12 58 1
12 60 1
12 33 1
12 50 1
12 18 1
12 44 1
12 53 1
12 36 1
12 24 1
12 62 1
12 14 1
12 48 1
12 42 1
12 41 1
12 16 1
12 55 1
12 34 1
13 47 1
13 22 1
13 16 1
13 19 1
13 18 1
13 64 1
13 60 1
13 48 1
13 45 1
13 55 1
13 26 1
13 50 1
13 59 1
13 17 1
13 32 1
13 38 1
13 21 1
13 31 1
14 50 1
14 53 1
14 27 1
14 39 1
14 21 1
14 59 1
14 64 1
14 40 1
14 28 1
14 46 1
14 45 1
14 18 1
14 52 1
14 37 1
14 35 1
14 54 1
14 34 1
14 25 1
14 57 1
15 23 1
15 25 1
15 52 1
15 57 1
15 44 1
15 16 1
15 17 1
15 24 1
15 54 1
15 62 1
15 31 1
15 47 1
15 33 1
15 45 1
15 53 1
15 26 1
15 39 1
15 64 1
16 42 1
16 33 1
16 47 1
16 17 1
16 31 1
16 27 1
16 57 1
16 38 1
16 41 1
16 49 1
16 22 1
16 64 1
16 34 1
16 50 1
16 21 1
16 25 1
16 62 1
16 36 1
16 61 1
16 45 1
16 35 1
16 44 1
17 46 1
17 61 1
17 49 1
17 40 1
17 51 1
17 59 1
17 31 1
17 39 1
17 60 1
17 21 1
17 48 1
17 32 1
17 45 1
17 53 1
17 34 1
17 33 1
17 54 1
17 44 1
17 41 1
17 52 1
17 29 1
17 50 1
17 26 1
18 26 1
18 49 1
18 28 1
18 63 1
18 29 1
18 30 1
18 40 1
18 61 1
18 47 1
18 42 1
18 21 1
18 23 1
18 31 1
18 27 1
18 39 1
18 53 1
18 36 1
18 64 1
19 51 1
19 40 1
19 46 1
19 52 1
19 49 1
19 22 1
19 24 1
19 53 1
19 45 1
19 21 1
19 58 1
19 61 1
19 57 1
19 34 1
19 25 1
19 29 1
20 54 1
20 21 1
20 62 1
20 23 1
20 39 1
20 30 1
20 24 1
20 58 1
20 60 1
20 48 1
20 52 1
20 41 1
20 32 1
20 45 1
20 53 1
21 45 1
21 40 1
21 57 1
21 56 1
21 51 1
21 39 1
21 44 1
21 42 1
21 59 1
21 35 1
21 48 1
21 30 1
21 53 1
21 34 1
21 54 1
21 28 1
21 61 1
21 37 1
22 60 1
22 37 1
22 53 1
22 52 1
22 45 1
22 63 1
22 29 1
22 42 1
23 36 1
23 37 1
23 29 1
23 58 1
23 42 1
23 34 1
23 40 1
23 48 1
23 31 1
23 45 1
23 60 1
23 59 1
24 33 1
24 55 1
24 34 1
24 43 1
24 41 1
24 57 1
24 63 1
24 29 1
24 45 1
24 32 1
24 37 1
24 52 1
24 35 1
24 46 1
24 59 1
25 26 1
25 43 1
25 61 1
25 45 1
25 33 1
25 55 1
25 51 1
25 28 1
25 44 1
25 60 1
25 35 1
25 27 1
25 53 1
25 64 1
25 34 1
26 34 1
26 63 1
26 52 1
26 56 1
26 46 1
26 30 1
26 41 1
26 42 1
26 50 1
27 46 1
27 48 1
27 50 1
27 56 1
27 38 1
27 45 1
27 32 1
27 47 1
27 43 1
27 35 1
27 64 1
27 29 1
27 33 1
28 46 1
28 54 1
28 62 1
28 61 1
28 42 1
28 37 1
28 58 1
28 63 1
28 43 1
28 49 1
28 39 1
28 55 1
28 56 1
28 33 1
28 60 1
28 59 1
29 43 1
29 47 1
29 55 1
29 44 1
29 39 1
29 52 1
29 40 1
29 51 1
30 51 1
30 39 1
30 64 1
30 55 1
30 35 1
30 32 1
30 54 1
30 50 1
30 43 1
30 58 1
30 46 1
31 60 1
31 47 1
31 57 1
31 40 1
31 64 1
31 56 1
32 35 1
32 46 1
32 43 1
32 56 1
32 39 1
32 55 1
32 37 1
32 50 1
32 38 1
32 51 1
32 48 1
32 41 1
32 42 1
32 58 1
33 41 1
33 37 1
33 44 1
33 59 1
33 42 1
33 35 1
33 40 1
33 39 1
33 50 1
33 47 1
33 60 1
34 58 1
34 55 1
34 63 1
34 50 1
34 45 1
34 51 1
34 35 1
34 48 1
34 59 1
34 52 1
34 47 1
34 39 1
34 36 1
35 48 1
35 63 1
35 43 1
35 61 1
35 55 1
35 39 1
35 38 1
35 46 1
35 54 1
36 50 1
36 64 1
36 43 1
36 57 1
36 46 1
36 42 1
36 58 1
36 53 1
37 48 1
37 40 1
37 38 1
37 60 1
37 44 1
38 63 1
38 43 1
38 42 1
38 56 1
38 48 1
38 52 1
38 50 1
38 45 1
38 64 1
39 57 1
39 56 1
39 55 1
39 45 1
39 59 1
39 43 1
39 62 1
39 48 1
39 63 1
39 44 1
39 50 1
40 47 1
40 61 1
40 64 1
40 46 1
40 49 1
40 53 1
40 57 1
40 51 1
41 45 1
41 64 1
41 53 1
41 61 1
41 47 1
41 57 1
41 60 1
41 56 1
41 43 1
41 52 1
41 58 1
41 46 1
42 47 1
42 48 1
42 57 1
42 51 1
42 55 1
42 45 1
42 49 1
43 49 1
43 45 1
43 58 1
43 55 1
43 52 1
43 57 1
43 61 1
43 44 1
44 52 1
44 50 1
44 47 1
44 57 1
44 62 1
45 52 1
45 55 1
45 57 1
45 63 1
45 56 1
46 50 1
46 63 1
46 49 1
47 57 1
47 58 1
47 51 1
48 64 1
48 52 1
48 56 1
48 63 1
48 61 1
48 57 1
48 55 1
48 60 1
49 63 1
49 51 1
49 54 1
49 64 1
49 53 1
49 52 1
49 57 1
50 59 1
50 58 1
50 63 1
50 57 1
50 53 1
50 52 1
50 55 1
50 61 1
50 54 1
50 62 1
51 60 1
51 56 1
51 53 1
51 57 1
52 63 1
52 58 1
52 60 1
52 61 1
52 54 1
53 57 1
53 63 1
53 62 1
53 61 1
53 55 1
54 61 1
54 56 1
54 59 1
54 64 1
55 63 1
55 64 1
55 57 1
55 61 1
56 62 1
56 63 1
56 64 1
57 61 1
57 62 1
57 63 1
57 58 1
58 64 1
59 64 1
60 61 1
60 62 1
61 63 1
62 63 1
