65
0 15 1
0 38 1
0 25 1
0 20 1
0 8 1
0 56 1
0 58 1
0 45 1
0 64 1
0 16 1
0 40 1
0 48 1
0 44 1
0 27 1
0 57 1
0 47 1
0 50 1
0 32 1
1 41 1
1 10 1
1 30 1
1 59 1
1 6 1
1 49 1
1 8 1
1 53 1
1 27 1
1 44 1
1 20 1
1 15 1
1 5 1
1 14 1
1 51 1
1 64 1
1 48 1
1 38 1
1 35 1
1 25 1
1 11 1
1 18 1
1 28 1
1 37 1
1 21 1
1 58 1
1 56 1
1 23 1
1 19 1
2 44 1
2 57 1
2 8 1
2 43 1
2 54 1
2 52 1
2 45 1
2 19 1
2 53 1
2 17 1
2 34 1
2 25 1
2 47 1
2 16 1
2 58 1
2 3 1
2 39 1
2 61 1
2 63 1
2 51 1
2 24 1
2 22 1
2 28 1
2 59 1
2 20 1
3 10 1
3 36 1
3 61 1
3 30 1
3 55 1
3 35 1
3 45 1
3 25 1
3 44 1
3 9 1
3 34 1
3 4 1
3 51 1
3 31 1
3 43 1
3 20 1
3 42 1
3 14 1
3 56 1
3 15 1
3 23 1
3 52 1
3 50 1
3 64 1
3 57 1
4 43 1
4 37 1
4 50 1
4 9 1
4 8 1
4 39 1
4 28 1
4 15 1
4 48 1
4 14 1
4 34 1
4 45 1
4 30 1
4 56 1
4 18 1
4 63 1
4 46 1
4 44 1
4 38 1
4 25 1
4 51 1
5 40 1
5 44 1
5 34 1
5 62 1
5 42 1
5 39 1
5 36 1
5 56 1
5 15 1
5 53 1
5 54 1
5 58 1
5 43 1
5 63 1
5 33 1
5 6 1
5 19 1
5 46 1
5 26 1
5 41 1
5 47 1
5 29 1
6 50 1
6 47 1
6 19 1
6 42 1
6 30 1
6 10 1
6 53 1
6 61 1
6 38 1
6 37 1
6 63 1
6 23 1
6 59 1
6 8 1
6 57 1
6 36 1
7 57 1
7 9 1
7 15 1
7 22 1
7 44 1
7 63 1
7 32 1
7 61 1
7 26 1
7 64 1
7 33 1
7 16 1
7 48 1
7 60 1
7 23 1
7 52 1
7 30 1
7 54 1
7 39 1
7 14 1
8 44 1
8 57 1
8 54 1
8 10 1
8 53 1
8 49 1
8 29 1
8 42 1
8 30 1
8 63 1
8 58 1
8 22 1
8 52 1
8 18 1
8 19 1
8 59 1
8 39 1
8 25 1
8 32 1
8 9 1
8 20 1
8 36 1
8 41 1
8 27 1
8 47 1
9 45 1
9 35 1
9 40 1
9 63 1
9 33 1
9 62 1
9 12 1
9 14 1
9 28 1
9 21 1
9 18 1
9 52 1
9 48 1
9 47 1
9 36 1
9 42 1
9 61 1
9 64 1
9 31 1
9 39 1
9 24 1
9 55 1
9 38 1
9 23 1
10 35 1
10 26 1
10 51 1
10 42 1
10 39 1
10 37 1
10 62 1
10 64 1
10 22 1
10 11 1
10 13 1
10 55 1
10 58 1
10 61 1
10 49 1
10 63 1
10 56 1
10 29 1
10 18 1
10 20 1
10 53 1
10 36 1
10 57 1
10 50 1
10 32 1
11 23 1
11 30 1
11 14 1
11 13 1
11 43 1
11 39 1
11 19 1
11 50 1
11 40 1
11 37 1
11 41 1
11 64 1
11 49 1
11 16 1
11 33 1
11 21 1
11 63 1
11 48 1
12 24 1
12 37 1
12 52 1
12 63 1
12 36 1
12 60 1
12 22 1
12 19 1
12 59 1
12 64 1
12 27 1
12 50 1
12 23 1
12 42 1
12 56 1
12 51 1
12 43 1
12 26 1
12 62 1
13 43 1
13 33 1
13 16 1
13 49 1
13 22 1
13 15 1
13 25 1
13 42 1
13 47 1
13 35 1
13 21 1
13 64 1
13 46 1
13 50 1
13 30 1
13 29 1
13 51 1
13 44 1
13 20 1
13 61 1
13 18 1
13 14 1
13 62 1
14 19 1
14 37 1
14 32 1
14 33 1
14 40 1
14 27 1
14 54 1
14 60 1
14 22 1
14 52 1
15 22 1
15 38 1
15 24 1
15 61 1
15 27 1
15 43 1
15 62 1
15 42 1
15 58 1
15 40 1
15 20 1
15 26 1
15 39 1
15 46 1
15 18 1
15 53 1
15 59 1
16 38 1
16 19 1
16 22 1
16 33 1
16 49 1
16 55 1
16 32 1
16 42 1
16 53 1
16 20 1
16 17 1
16 36 1
16 51 1
16 39 1
16 60 1
16 30 1
16 56 1
16 62 1
17 47 1
17 56 1
17 59 1
17 20 1
17 54 1
17 32 1
17 28 1
17 23 1
17 48 1
18 45 1
18 19 1
18 40 1
18 41 1
18 43 1
18 31 1
18 56 1
18 37 1
18 54 1
18 62 1
18 27 1
18 46 1
18 24 1
18 50 1
18 20 1
18 63 1
18 34 1
18 42 1
18 36 1
18 47 1
18 28 1
18 22 1
19 51 1
19 29 1
19 53 1
19 59 1
19 47 1
19 52 1
19 35 1
19 61 1
19 54 1
19 34 1
19 39 1
19 60 1
19 48 1
19 23 1
19 27 1
19 45 1
19 37 1
20 28 1
20 58 1
20 35 1
20 47 1
20 38 1
20 30 1
20 54 1
20 61 1
20 31 1
20 50 1
20 46 1
20 42 1
20 51 1
20 55 1
20 45 1
20 36 1
21 25 1
21 64 1
21 61 1
21 23 1
21 45 1
21 48 1
21 41 1
21 29 1
21 44 1
21 36 1
21 50 1
21 38 1
21 39 1
22 45 1
22 48 1
22 31 1
22 29 1
22 54 1
22 62 1
23 40 1
23 32 1
23 45 1
23 56 1
23 64 1
23 24 1
23 60 1
23 38 1
23 46 1
23 26 1
23 55 1
23 31 1
23 25 1
24 58 1
24 46 1
24 61 1
24 30 1
24 34 1
24 26 1
24 50 1
24 51 1
24 45 1
24 54 1
24 49 1
24 43 1
24 25 1
24 38 1
24 57 1
24 28 1
24 32 1
25 60 1
25 54 1
25 59 1
25 28 1
25 63 1
25 38 1
25 40 1
25 42 1
25 52 1
25 46 1
25 34 1
25 27 1
25 43 1
25 32 1
25 64 1
25 44 1
26 47 1
26 34 1
26 35 1
26 31 1
26 42 1
26 60 1
26 52 1
26 38 1
26 55 1
26 45 1
26 36 1
26 37 1
26 59 1
26 50 1
26 40 1
27 32 1
27 58 1
27 46 1
27 35 1
27 49 1
27 62 1
27 36 1
27 53 1
27 42 1
27 57 1
27 28 1
27 38 1
27 30 1
27 56 1
27 48 1
28 54 1
28 29 1
28 64 1
28 35 1
28 48 1
28 41 1
28 36 1
28 31 1
28 37 1
28 62 1
29 64 1
29 43 1
29 59 1
29 55 1
29 54 1
29 51 1
29 35 1
29 46 1
29 31 1
29 37 1
30 63 1
30 43 1
30 33 1
30 59 1
30 40 1
30 61 1
30 49 1
30 41 1
30 64 1
30 45 1
31 35 1
31 60 1
31 53 1
31 44 1
31 54 1
31 32 1
31 58 1
31 56 1
31 45 1
31 33 1
32 54 1
32 55 1
32 60 1
32 43 1
32 36 1
32 59 1
32 51 1
32 39 1
32 33 1
32 63 1
32 37 1
32 50 1
32 35 1
32 58 1
33 54 1
33 44 1
33 51 1
33 39 1
33 49 1
33 57 1
33 56 1
33 35 1
34 41 1
34 62 1
34 47 1
34 43 1
34 52 1
34 61 1
35 52 1
35 64 1
35 47 1
35 45 1
35 49 1
35 46 1
35 50 1
35 54 1
35 58 1
35 61 1
35 59 1
35 63 1
36 53 1
37 52 1
37 58 1
37 61 1
37 53 1
37 42 1
37 51 1
37 54 1
37 55 1
37 50 1
38 54 1
38 50 1
38 45 1
38 52 1
38 63 1
38 48 1
38 43 1
38 58 1
38 49 1
39 44 1
39 60 1
39 55 1
39 41 1
39 51 1
39 49 1
39 40 1
40 42 1
40 64 1
40 52 1
40 48 1
40 43 1
40 50 1
40 61 1
40 58 1
40 60 1
40 41 1
41 64 1
41 62 1
41 42 1
41 59 1
41 46 1
41 51 1
41 48 1
41 56 1
41 43 1
41 55 1
41 45 1
41 57 1
42 63 1
42 53 1
42 45 1
42 59 1
42 57 1
42 44 1
43 55 1
43 51 1
43 52 1
43 46 1
43 48 1
43 63 1
43 54 1
43 61 1
43 50 1
43 47 1
43 64 1
44 58 1
44 61 1
44 59 1
44 52 1
44 49 1
44 56 1
44 57 1
44 51 1
44 63 1
44 45 1
44 62 1
44 55 1
45 56 1
45 59 1
45 49 1
45 62 1
45 51 1
45 58 1
45 46 1
45 52 1
46 51 1
46 63 1
46 59 1
46 62 1
46 53 1
47 58 1
47 52 1
47 53 1
47 49 1
47 57 1
47 62 1
47 56 1
48 55 1
48 56 1
48 51 1
49 64 1
49 62 1
49 54 1
49 55 1
49 63 1
50 64 1
51 58 1
51 59 1
51 54 1
51 64 1
52 61 1
52 64 1
52 57 1
52 60 1
52 59 1
53 58 1
53 64 1
53 62 1
53 54 1
54 57 1
54 58 1
54 63 1
55 62 1
55 58 1
56 61 1
56 59 1
57 62 1
57 64 1
59 64 1
60 64 1
60 62 1
61 64 1
62 63 1
63 64 1
