65
0 3 1
0 12 1
0 14 1
0 32 1
0 37 1
0 62 1
0 25 1
0 36 1
0 63 1
0 61 1
0 6 1
0 18 1
0 64 1
0 55 1
0 48 1
0 9 1
0 2 1
0 10 1
0 54 1
0 45 1
0 1 1
0 7 1
0 13 1
0 43 1
0 17 1
1 4 1
1 64 1
1 31 1
1 10 1
1 33 1
1 56 1
1 49 1
1 23 1
1 29 1
1 36 1
1 57 1
1 59 1
1 21 1
1 18 1
1 25 1
1 5 1
1 62 1
1 47 1
1 51 1
1 61 1
1 35 1
1 17 1
1 63 1
1 34 1
2 57 1
2 36 1
2 44 1
2 60 1
2 38 1
2 58 1
2 13 1
2 56 1
2 11 1
2 46 1
2 19 1
2 53 1
2 4 1
2 59 1
2 8 1
2 45 1
2 47 1
2 18 1
2 40 1
2 62 1
2 22 1
3 7 1
3 53 1
3 15 1
3 62 1
3 22 1
3 12 1
3 19 1
3 40 1
3 9 1
3 58 1
3 18 1
3 46 1
3 37 1
3 28 1
3 60 1
3 59 1
3 50 1
3 13 1
3 48 1
4 31 1
4 55 1
4 8 1
4 38 1
4 48 1
4 64 1
4 53 1
4 33 1
4 50 1
4 30 1
4 17 1
4 32 1
4 58 1
4 45 1
4 5 1
4 12 1
4 25 1
4 56 1
4 20 1
5 60 1
5 42 1
5 47 1
5 48 1
5 46 1
5 33 1
5 44 1
5 64 1
5 61 1
5 35 1
5 8 1
5 26 1
5 12 1
5 41 1
5 19 1
6 34 1
6 38 1
6 17 1
6 53 1
6 25 1
6 55 1
6 15 1
6 24 1
6 29 1
6 12 1
6 32 1
6 35 1
6 47 1
6 63 1
6 18 1
6 21 1
6 8 1
6 7 1
6 26 1
6 27 1
7 40 1
7 36 1
7 27 1
7 22 1
7 54 1
7 56 1
7 24 1
7 28 1
7 48 1
7 53 1
7 59 1
7 35 1
7 58 1
7 64 1
7 60 1
7 23 1
7 29 1
7 20 1
7 16 1
8 42 1
8 38 1
8 64 1
8 30 1
8 26 1
8 40 1
8 19 1
8 59 1
8 29 1
8 37 1
8 63 1
8 23 1
8 11 1
8 27 1
8 13 1
8 48 1
8 43 1
8 20 1
8 61 1
8 9 1
9 18 1
9 14 1
9 26 1
9 34 1
9 53 1
9 55 1
9 41 1
9 31 1
9 15 1
9 64 1
9 24 1
9 48 1
9 50 1
9 12 1
9 10 1
9 20 1
9 37 1
9 25 1
9 30 1
9 57 1
10 29 1
10 47 1
10 18 1
10 24 1
10 51 1
10 30 1
10 25 1
10 22 1
10 55 1
10 36 1
10 12 1
10 21 1
10 16 1
10 41 1
10 35 1
11 51 1
11 40 1
11 21 1
11 42 1
11 49 1
11 23 1
11 55 1
11 56 1
11 30 1
11 58 1
11 59 1
11 41 1
11 46 1
11 32 1
11 19 1
11 53 1
11 62 1
11 52 1
11 48 1
11 20 1
12 45 1
12 49 1
12 29 1
12 52 1
12 32 1
12 15 1
12 22 1
12 39 1
12 53 1
12 47 1
12 27 1
12 60 1
12 58 1
12 20 1
12 48 1
12 61 1
12 18 1
12 19 1
12 21 1
13 32 1
13 64 1
13 30 1
13 40 1
13 38 1
13 18 1
13 59 1
13 23 1
13 17 1
13 21 1
13 56 1
13 15 1
13 29 1
13 55 1
13 48 1
13 28 1
13 50 1
14 35 1
14 45 1
14 22 1
14 27 1
14 21 1
14 50 1
14 62 1
14 33 1
14 58 1
14 26 1
14 31 1
14 48 1
14 51 1
14 25 1
14 53 1
14 57 1
14 24 1
14 20 1
14 29 1
14 32 1
14 40 1
14 44 1
15 52 1
15 50 1
15 29 1
15 20 1
15 37 1
15 18 1
15 35 1
15 34 1
15 59 1
15 54 1
15 22 1
15 33 1
15 32 1
15 36 1
15 61 1
15 28 1
15 38 1
15 51 1
15 49 1
15 21 1
16 49 1
16 45 1
16 40 1
16 26 1
16 50 1
16 46 1
16 41 1
16 36 1
16 59 1
16 20 1
16 19 1
17 41 1
17 24 1
17 55 1
17 42 1
17 53 1
17 33 1
17 30 1
17 28 1
18 44 1
18 55 1
18 28 1
18 36 1
18 31 1
18 48 1
18 46 1
18 29 1
18 60 1
18 39 1
18 25 1
18 51 1
18 40 1
18 54 1
18 47 1
18 23 1
19 48 1
19 44 1
19 59 1
19 20 1
19 23 1
19 36 1
19 43 1
19 51 1
19 46 1
19 57 1
19 49 1
19 45 1
19 21 1
19 34 1
19 24 1
20 48 1
20 35 1
20 36 1
20 45 1
20 23 1
20 46 1
20 59 1
20 32 1
20 33 1
20 54 1
20 64 1
20 29 1
20 44 1
20 58 1
20 53 1
20 31 1
20 38 1
21 55 1
21 53 1
21 47 1
21 44 1
21 63 1
21 33 1
21 46 1
21 35 1
21 26 1
21 31 1
22 60 1
22 36 1
22 53 1
22 45 1
22 29 1
22 57 1
22 52 1
22 25 1
22 54 1
22 40 1
22 46 1
22 47 1
22 26 1
22 27 1
22 32 1
23 53 1
23 41 1
23 25 1
23 48 1
23 34 1
23 26 1
23 36 1
23 51 1
23 42 1
23 33 1
23 27 1
23 45 1
23 29 1
23 55 1
23 40 1
23 64 1
23 57 1
24 40 1
24 61 1
24 43 1
24 64 1
24 42 1
24 27 1
24 49 1
24 46 1
24 26 1
24 37 1
24 58 1
24 32 1
24 55 1
24 60 1
24 62 1
25 43 1
25 42 1
25 36 1
25 62 1
25 41 1
25 45 1
25 27 1
25 26 1
25 48 1
26 55 1
26 58 1
26 64 1
26 35 1
26 56 1
26 45 1
26 37 1
26 48 1
26 39 1
26 61 1
26 29 1
26 42 1
26 50 1
26 30 1
26 41 1
26 40 1
26 43 1
26 60 1
27 48 1
27 64 1
27 57 1
27 53 1
27 52 1
27 35 1
27 49 1
27 37 1
27 41 1
27 38 1
27 31 1
27 33 1
27 62 1
27 60 1
28 43 1
28 31 1
28 52 1
28 58 1
28 60 1
28 39 1
28 34 1
28 50 1
28 32 1
28 41 1
28 55 1
28 56 1
28 49 1
28 37 1
28 64 1
28 53 1
29 30 1
29 31 1
29 59 1
29 55 1
29 42 1
29 58 1
29 62 1
29 35 1
29 33 1
29 39 1
29 56 1
29 53 1
29 32 1
29 40 1
29 48 1
29 46 1
30 39 1
30 38 1
30 41 1
30 34 1
30 53 1
30 61 1
30 42 1
30 45 1
30 62 1
30 52 1
30 57 1
30 59 1
30 55 1
30 32 1
30 44 1
31 37 1
31 34 1
31 60 1
31 61 1
31 46 1
31 54 1
31 42 1
31 59 1
31 57 1
31 50 1
31 43 1
31 51 1
31 47 1
32 47 1
32 36 1
32 58 1
32 56 1
32 39 1
32 44 1
32 45 1
32 60 1
32 51 1
32 35 1
32 53 1
32 59 1
32 40 1
32 41 1
33 59 1
33 60 1
33 50 1
33 46 1
33 56 1
33 41 1
33 62 1
33 35 1
33 42 1
34 50 1
34 51 1
34 52 1
34 48 1
34 42 1
34 40 1
34 43 1
34 53 1
34 57 1
34 61 1
34 37 1
34 54 1
34 45 1
35 57 1
35 54 1
35 39 1
35 55 1
36 44 1
36 46 1
36 60 1
36 55 1
36 43 1
36 49 1
36 53 1
36 39 1
36 48 1
36 41 1
36 38 1
37 54 1
37 51 1
37 58 1
37 41 1
37 40 1
37 44 1
38 54 1
38 45 1
38 48 1
38 46 1
38 56 1
38 50 1
38 62 1
38 43 1
38 59 1
38 55 1
38 47 1
39 61 1
39 53 1
39 56 1
39 43 1
39 47 1
39 42 1
39 54 1
39 40 1
39 50 1
39 63 1
39 46 1
39 62 1
40 50 1
40 61 1
40 62 1
40 44 1
40 51 1
40 47 1
41 51 1
41 64 1
41 46 1
41 52 1
41 54 1
41 57 1
41 60 1
41 59 1
41 44 1
41 47 1
42 52 1
42 58 1
42 55 1
42 56 1
42 63 1
42 64 1
42 46 1
42 59 1
43 47 1
43 55 1
43 54 1
43 60 1
43 63 1
43 52 1
43 45 1
44 46 1
44 53 1
44 61 1
44 54 1
44 55 1
44 63 1
44 56 1
44 60 1
44 49 1
44 57 1
44 52 1
45 63 1
45 48 1
45 60 1
45 61 1
45 59 1
45 46 1
45 64 1
45 53 1
46 50 1
46 49 1
46 57 1
46 53 1
47 63 1
47 61 1
47 58 1
47 64 1
47 62 1
47 56 1
47 48 1
47 52 1
48 57 1
48 52 1
48 49 1
48 53 1
48 60 1
48 50 1
49 54 1
49 52 1
49 64 1
50 64 1
50 55 1
50 56 1
50 59 1
51 57 1
51 60 1
51 62 1
51 52 1
52 56 1
52 55 1
52 59 1
52 57 1
53 59 1
53 60 1
54 56 1
54 59 1
54 62 1
54 64 1
55 64 1
55 59 1
55 62 1
55 57 1
56 64 1
56 61 1
56 60 1
56 62 1
56 59 1
57 59 1
57 60 1
57 64 1
58 60 1
58 64 1
59 63 1
59 60 1
59 61 1
61 62 1
62 63 1
