65
0 17 1
0 38 1
0 27 1
0 40 1
0 4 1
0 60 1
0 5 1
0 6 1
0 12 1
0 9 1
0 62 1
0 16 1
0 29 1
0 25 1
0 54 1
0 3 1
0 48 1
0 18 1
0 39 1
0 37 1
0 23 1
0 56 1
1 50 1
1 17 1
1 43 1
1 10 1
1 52 1
1 19 1
1 39 1
1 6 1
1 20 1
1 8 1
1 36 1
1 15 1
1 47 1
1 28 1
1 26 1
1 35 1
1 40 1
1 56 1
1 18 1
1 46 1
1 29 1
1 49 1
1 58 1
1 22 1
2 3 1
2 44 1
2 5 1
2 62 1
2 19 1
2 36 1
2 49 1
2 54 1
2 58 1
2 43 1
2 27 1
2 46 1
2 23 1
2 48 1
2 64 1
2 33 1
2 41 1
2 53 1
2 16 1
2 18 1
2 61 1
2 21 1
2 17 1
2 51 1
2 7 1
3 59 1
3 35 1
3 48 1
3 58 1
3 60 1
3 25 1
3 37 1
3 17 1
3 44 1
3 20 1
3 31 1
3 4 1
3 40 1
3 16 1
3 11 1
3 54 1
3 64 1
3 6 1
3 26 1
3 19 1
3 23 1
4 33 1
4 22 1
4 18 1
4 44 1
4 28 1
4 41 1
4 10 1
4 57 1
4 7 1
4 9 1
4 58 1
4 48 1
4 35 1
4 15 1
4 17 1
5 42 1
5 36 1
5 29 1
5 53 1
5 25 1
5 58 1
5 11 1
5 18 1
5 16 1
5 35 1
5 10 1
5 27 1
5 59 1
5 22 1
5 38 1
5 61 1
5 14 1
5 26 1
5 8 1
5 24 1
5 6 1
5 28 1
5 13 1
6 63 1
6 52 1
6 11 1
6 38 1
6 60 1
6 43 1
6 57 1
6 40 1
6 37 1
6 10 1
6 25 1
6 51 1
6 7 1
6 45 1
7 36 1
7 53 1
7 29 1
7 23 1
7 19 1
7 42 1
7 60 1
7 45 1
7 8 1
7 9 1
7 13 1
7 30 1
7 17 1
7 40 1
7 32 1
7 14 1
7 58 1
7 16 1
7 11 1
7 59 1
7 12 1
7 51 1
7 54 1
7 47 1
7 35 1
7 34 1
7 48 1
8 26 1
8 19 1
8 40 1
8 39 1
8 56 1
8 41 1
8 63 1
8 50 1
8 14 1
8 49 1
8 16 1
8 42 1
8 57 1
8 30 1
8 35 1
8 33 1
8 47 1
8 51 1
8 17 1
8 10 1
8 12 1
8 48 1
8 28 1
8 25 1
9 48 1
9 17 1
9 36 1
9 29 1
9 59 1
9 33 1
9 26 1
9 61 1
9 23 1
9 24 1
9 25 1
9 46 1
9 45 1
9 32 1
9 15 1
9 58 1
10 59 1
10 12 1
10 54 1
10 61 1
10 30 1
10 27 1
10 37 1
10 63 1
10 33 1
10 41 1
10 22 1
10 14 1
10 57 1
10 38 1
10 60 1
10 28 1
10 43 1
10 15 1
10 46 1
11 29 1
11 64 1
11 53 1
11 24 1
11 63 1
11 16 1
11 27 1
11 39 1
11 20 1
11 59 1
11 50 1
11 55 1
11 26 1
11 23 1
12 24 1
12 53 1
12 45 1
12 60 1
12 36 1
12 63 1
12 30 1
12 56 1
12 47 1
12 20 1
12 27 1
12 23 1
12 32 1
12 44 1
12 16 1
12 43 1
12 59 1
12 51 1
12 58 1
12 62 1
12 26 1
13 49 1
13 43 1
13 55 1
13 39 1
13 47 1
13 35 1
13 15 1
13 21 1
13 29 1
13 23 1
13 48 1
13 60 1
13 20 1
13 38 1
13 25 1
14 62 1
14 43 1
14 24 1
14 51 1
14 32 1
14 52 1
14 41 1
14 36 1
14 38 1
14 34 1
14 53 1
14 33 1
14 17 1
14 16 1
14 56 1
14 58 1
14 15 1
14 47 1
14 60 1
14 35 1
14 21 1
14 64 1
14 22 1
14 42 1
15 43 1
15 33 1
15 51 1
15 52 1
15 49 1
15 39 1
15 27 1
15 18 1
15 56 1
15 30 1
15 38 1
15 25 1
15 22 1
15 40 1
15 29 1
15 16 1
16 52 1
16 44 1
16 59 1
16 33 1
16 39 1
16 24 1
16 46 1
16 32 1
16 35 1
16 20 1
16 42 1
16 62 1
16 51 1
16 40 1
16 26 1
16 53 1
17 60 1
17 45 1
17 40 1
17 54 1
17 57 1
17 49 1
17 58 1
17 62 1
17 28 1
17 27 1
17 35 1
17 29 1
17 53 1
17 33 1
18 36 1
18 56 1
18 45 1
18 60 1
18 21 1
18 25 1
18 64 1
18 23 1
18 19 1
18 43 1
18 58 1
18 57 1
18 35 1
18 53 1
18 22 1
18 34 1
19 50 1
19 33 1
19 45 1
19 30 1
19 44 1
19 53 1
19 41 1
19 55 1
19 62 1
19 46 1
19 26 1
19 36 1
19 60 1
19 20 1
19 40 1
19 27 1
19 32 1
20 39 1
20 46 1
20 45 1
20 58 1
20 47 1
20 42 1
20 43 1
20 44 1
20 25 1
20 28 1
20 21 1
20 49 1
20 24 1
20 26 1
20 56 1
20 31 1
21 26 1
21 45 1
21 63 1
21 40 1
21 35 1
21 30 1
21 31 1
21 34 1
21 23 1
22 48 1
22 46 1
22 36 1
22 23 1
22 63 1
22 47 1
22 24 1
22 32 1
22 62 1
22 53 1
22 26 1
22 51 1
22 25 1
22 52 1
22 30 1
22 41 1
22 34 1
23 39 1
23 29 1
23 58 1
23 34 1
23 26 1
23 62 1
23 44 1
23 40 1
23 63 1
23 42 1
23 43 1
23 37 1
23 24 1
23 33 1
23 57 1
23 61 1
24 56 1
24 26 1
24 33 1
24 57 1
24 38 1
24 58 1
24 32 1
24 41 1
24 64 1
24 55 1
24 39 1
24 45 1
24 50 1
24 60 1
24 62 1
24 63 1
24 46 1
24 36 1
24 61 1
24 40 1
25 49 1
25 61 1
25 63 1
25 48 1
25 51 1
25 29 1
25 30 1
25 28 1
25 33 1
25 43 1
25 39 1
25 31 1
25 57 1
25 55 1
25 38 1
25 27 1
25 42 1
25 35 1
25 54 1
26 36 1
26 59 1
26 48 1
26 39 1
26 28 1
26 63 1
26 35 1
26 30 1
26 52 1
26 27 1
27 33 1
27 47 1
27 30 1
27 64 1
27 51 1
27 46 1
27 34 1
27 59 1
27 53 1
28 42 1
28 34 1
28 57 1
28 32 1
28 37 1
28 33 1
28 49 1
28 60 1
28 31 1
28 62 1
29 62 1
29 32 1
29 63 1
29 57 1
29 64 1
29 33 1
29 38 1
29 53 1
30 63 1
30 33 1
30 61 1
30 60 1
30 39 1
30 52 1
30 64 1
30 46 1
30 50 1
30 56 1
30 58 1
30 44 1
30 54 1
30 43 1
30 32 1
31 47 1
31 35 1
31 55 1
31 52 1
31 37 1
31 39 1
31 60 1
31 62 1
31 56 1
31 61 1
31 57 1
31 32 1
31 59 1
31 44 1
32 54 1
32 56 1
32 60 1
32 47 1
32 58 1
32 37 1
32 55 1
32 35 1
33 45 1
33 40 1
33 50 1
33 49 1
33 51 1
33 42 1
33 34 1
33 53 1
33 35 1
33 54 1
33 41 1
33 37 1
33 46 1
34 47 1
34 59 1
34 35 1
34 60 1
34 53 1
34 58 1
34 42 1
34 45 1
35 43 1
35 61 1
35 55 1
35 46 1
35 45 1
35 51 1
35 48 1
35 64 1
35 36 1
35 54 1
35 59 1
35 49 1
35 56 1
35 58 1
35 52 1
36 45 1
36 62 1
36 40 1
36 61 1
36 55 1
36 56 1
36 41 1
36 44 1
37 42 1
37 38 1
37 45 1
37 64 1
37 57 1
37 40 1
37 55 1
37 62 1
37 49 1
37 44 1
38 53 1
38 64 1
38 63 1
38 49 1
38 54 1
39 63 1
39 47 1
39 54 1
39 40 1
39 45 1
39 51 1
39 58 1
39 43 1
39 64 1
39 56 1
39 61 1
40 55 1
40 45 1
40 42 1
40 61 1
40 59 1
40 47 1
41 50 1
41 57 1
41 56 1
41 53 1
41 61 1
41 44 1
41 51 1
41 43 1
41 59 1
41 47 1
41 58 1
42 43 1
42 64 1
42 52 1
42 49 1
42 55 1
42 50 1
42 45 1
43 61 1
43 57 1
43 52 1
43 47 1
43 55 1
43 60 1
44 59 1
44 56 1
44 46 1
44 52 1
45 61 1
45 55 1
45 63 1
45 53 1
46 48 1
46 55 1
46 64 1
46 61 1
46 56 1
46 47 1
46 51 1
47 48 1
47 59 1
47 55 1
47 56 1
47 62 1
47 53 1
47 58 1
47 57 1
48 60 1
48 58 1
48 49 1
49 53 1
49 60 1
49 63 1
49 61 1
49 51 1
49 57 1
49 54 1
49 64 1
50 53 1
50 52 1
50 57 1
50 55 1
50 62 1
51 62 1
51 57 1
51 56 1
51 58 1
51 61 1
51 64 1
51 63 1
52 55 1
52 62 1
52 57 1
52 53 1
53 64 1
54 64 1
54 55 1
54 60 1
54 58 1
54 62 1
55 56 1
55 60 1
55 62 1
55 59 1
55 63 1
56 64 1
56 62 1
57 58 1
57 62 1
58 59 1
59 63 1
59 64 1
59 61 1
60 63 1
60 61 1
60 64 1
61 62 1
61 63 1
