65
0 16 1
0 15 1
0 52 1
0 55 1
0 27 1
0 36 1
0 7 1
0 25 1
0 63 1
0 41 1
0 31 1
0 43 1
0 21 1
0 17 1
0 44 1
0 29 1
0 39 1
0 49 1
0 4 1
0 53 1
0 35 1
1 14 1
1 22 1
1 61 1
1 57 1
1 55 1
1 39 1
1 23 1
1 3 1
1 24 1
1 19 1
1 38 1
1 59 1
1 6 1
1 7 1
1 62 1
1 49 1
1 63 1
1 28 1
2 11 1
2 43 1
2 17 1
2 24 1
2 50 1
2 22 1
2 27 1
2 32 1
2 64 1
2 48 1
2 16 1
2 45 1
2 7 1
2 60 1
2 44 1
2 30 1
2 13 1
2 58 1
2 25 1
2 6 1
2 18 1
2 38 1
2 29 1
2 47 1
2 35 1
2 20 1
2 12 1
2 10 1
2 15 1
2 19 1
3 36 1
3 56 1
3 11 1
3 37 1
3 25 1
3 21 1
3 51 1
3 6 1
3 63 1
3 44 1
3 14 1
3 57 1
3 13 1
3 16 1
3 40 1
3 41 1
3 48 1
3 15 1
3 7 1
3 49 1
3 52 1
3 23 1
4 51 1
4 21 1
4 31 1
4 61 1
4 55 1
4 60 1
4 23 1
4 41 1
4 5 1
4 32 1
4 20 1
4 47 1
4 6 1
4 57 1
4 59 1
4 9 1
4 16 1
5 56 1
5 62 1
5 31 1
5 54 1
5 41 1
5 12 1
5 19 1
5 53 1
5 7 1
5 36 1
5 25 1
5 24 1
5 46 1
5 14 1
5 61 1
5 21 1
5 34 1
5 64 1
5 51 1
6 21 1
6 42 1
6 31 1
6 53 1
6 13 1
6 47 1
6 32 1
6 39 1
6 45 1
6 16 1
6 49 1
6 14 1
6 40 1
6 43 1
6 59 1
6 29 1
6 41 1
6 24 1
6 57 1
6 25 1
6 23 1
6 15 1
6 61 1
7 35 1
7 56 1
7 63 1
7 40 1
7 25 1
7 28 1
7 49 1
7 42 1
7 44 1
7 22 1
7 50 1
7 41 1
7 11 1
7 52 1
7 38 1
7 36 1
7 21 1
7 51 1
7 37 1
8 29 1
8 40 1
8 36 1
8 21 1
8 39 1
8 22 1
8 55 1
8 62 1
8 14 1
8 58 1
8 17 1
8 64 1
8 51 1
8 9 1
8 23 1
8 54 1
8 53 1
8 60 1
8 10 1
8 24 1
8 47 1
8 34 1
8 26 1
9 64 1
9 36 1
9 14 1
9 51 1
9 30 1
9 32 1
9 53 1
9 50 1
9 59 1
9 17 1
9 49 1
9 10 1
9 12 1
9 57 1
9 29 1
9 42 1
9 55 1
9 28 1
9 20 1
9 37 1
10 34 1
10 45 1
10 17 1
10 60 1
10 16 1
10 54 1
10 19 1
10 28 1
10 55 1
10 33 1
10 53 1
10 23 1
10 26 1
10 35 1
10 59 1
10 41 1
10 30 1
10 29 1
10 20 1
10 39 1
11 27 1
11 26 1
11 35 1
11 21 1
11 62 1
11 28 1
11 50 1
11 42 1
11 59 1
11 39 1
11 40 1
11 41 1
11 53 1
11 37 1
11 58 1
11 25 1
11 60 1
11 51 1
11 47 1
11 49 1
12 25 1
12 24 1
12 27 1
12 60 1
12 45 1
12 50 1
12 47 1
12 35 1
12 52 1
12 59 1
12 48 1
12 56 1
12 30 1
12 22 1
12 18 1
12 16 1
12 42 1
12 49 1
13 57 1
13 48 1
13 15 1
13 35 1
13 17 1
13 53 1
13 60 1
13 64 1
13 37 1
13 33 1
13 46 1
13 19 1
13 55 1
13 38 1
13 18 1
13 31 1
13 62 1
14 19 1
14 42 1
14 39 1
14 49 1
14 58 1
14 63 1
14 35 1
14 21 1
14 31 1
14 61 1
14 57 1
14 23 1
14 36 1
14 41 1
14 54 1
15 62 1
15 28 1
15 17 1
15 24 1
15 50 1
15 48 1
15 42 1
15 58 1
15 53 1
15 33 1
15 27 1
15 44 1
15 43 1
15 61 1
15 37 1
15 64 1
15 63 1
15 19 1
16 58 1
16 21 1
16 49 1
16 43 1
16 38 1
16 36 1
16 48 1
16 56 1
16 35 1
16 51 1
16 19 1
16 50 1
16 30 1
16 20 1
16 17 1
16 40 1
16 18 1
16 60 1
17 18 1
17 22 1
17 60 1
17 37 1
17 51 1
17 36 1
17 28 1
17 48 1
17 38 1
17 42 1
17 27 1
17 26 1
17 47 1
17 31 1
17 41 1
18 22 1
18 23 1
18 43 1
18 45 1
18 26 1
18 39 1
18 28 1
18 46 1
18 40 1
18 34 1
18 52 1
18 25 1
18 36 1
18 21 1
18 38 1
18 19 1
19 34 1
19 21 1
19 56 1
19 40 1
19 27 1
19 55 1
19 53 1
19 60 1
19 26 1
19 47 1
19 35 1
19 31 1
19 20 1
19 32 1
19 23 1
19 64 1
19 22 1
20 51 1
20 39 1
20 26 1
20 42 1
20 21 1
20 24 1
20 61 1
20 22 1
20 45 1
20 35 1
20 32 1
20 43 1
20 29 1
20 30 1
20 41 1
20 46 1
21 35 1
21 60 1
21 44 1
21 22 1
21 54 1
21 64 1
21 45 1
21 38 1
21 43 1
22 50 1
22 61 1
22 26 1
22 51 1
22 44 1
22 23 1
22 39 1
22 64 1
22 30 1
22 42 1
22 35 1
22 45 1
22 53 1
22 24 1
22 25 1
23 34 1
23 64 1
23 52 1
23 58 1
23 29 1
23 60 1
23 25 1
23 48 1
23 39 1
23 57 1
23 24 1
23 44 1
23 32 1
23 62 1
23 42 1
23 55 1
23 35 1
23 49 1
23 63 1
24 50 1
24 62 1
24 59 1
24 42 1
24 52 1
24 35 1
24 31 1
24 32 1
24 64 1
24 37 1
24 60 1
24 53 1
24 45 1
24 54 1
24 58 1
24 33 1
24 47 1
25 35 1
25 47 1
25 41 1
25 30 1
25 49 1
25 37 1
25 27 1
25 59 1
25 51 1
25 64 1
25 45 1
25 28 1
25 33 1
26 38 1
26 55 1
26 35 1
26 32 1
26 30 1
26 58 1
26 51 1
26 28 1
26 63 1
26 61 1
26 39 1
26 49 1
26 64 1
26 45 1
26 53 1
26 36 1
26 34 1
26 57 1
26 46 1
27 57 1
27 33 1
27 37 1
27 56 1
27 39 1
27 42 1
27 28 1
27 34 1
27 63 1
28 50 1
28 44 1
28 63 1
28 56 1
28 29 1
28 33 1
28 61 1
28 45 1
28 60 1
28 58 1
28 43 1
28 57 1
28 53 1
28 31 1
28 40 1
29 57 1
29 41 1
29 42 1
29 37 1
29 39 1
29 49 1
29 58 1
29 33 1
29 44 1
30 45 1
30 52 1
30 50 1
30 35 1
30 62 1
30 36 1
30 57 1
30 43 1
30 61 1
30 60 1
31 52 1
31 33 1
31 36 1
31 59 1
31 32 1
31 37 1
31 56 1
31 50 1
31 43 1
31 47 1
31 55 1
31 61 1
31 58 1
31 63 1
32 62 1
32 61 1
32 52 1
32 34 1
32 35 1
32 50 1
32 38 1
32 56 1
32 33 1
32 60 1
32 36 1
32 58 1
32 37 1
33 57 1
33 63 1
33 34 1
33 52 1
33 48 1
33 60 1
33 36 1
33 61 1
33 44 1
33 38 1
33 47 1
34 37 1
34 52 1
34 55 1
34 42 1
34 54 1
34 39 1
34 40 1
34 60 1
34 50 1
34 56 1
34 63 1
34 64 1
34 53 1
35 44 1
35 53 1
35 39 1
35 59 1
35 38 1
35 36 1
35 47 1
35 63 1
35 46 1
35 42 1
36 41 1
36 59 1
36 46 1
36 39 1
36 40 1
36 63 1
36 64 1
37 46 1
37 64 1
37 48 1
37 56 1
37 60 1
37 51 1
37 53 1
37 43 1
37 41 1
37 58 1
37 52 1
38 64 1
38 39 1
38 41 1
38 47 1
38 43 1
39 42 1
39 46 1
39 49 1
39 56 1
39 44 1
39 40 1
39 51 1
39 43 1
39 55 1
40 47 1
40 64 1
40 53 1
40 56 1
40 57 1
41 56 1
41 48 1
41 53 1
41 42 1
41 55 1
41 61 1
41 52 1
42 55 1
42 47 1
42 58 1
42 61 1
42 62 1
42 43 1
42 44 1
42 49 1
42 51 1
42 64 1
43 52 1
43 63 1
43 45 1
43 44 1
43 55 1
43 50 1
43 51 1
43 53 1
44 51 1
44 63 1
44 58 1
44 56 1
44 61 1
44 45 1
44 48 1
44 49 1
45 49 1
45 51 1
45 54 1
45 46 1
46 62 1
46 61 1
46 60 1
46 50 1
46 51 1
46 53 1
46 57 1
46 58 1
47 51 1
47 54 1
47 59 1
48 63 1
48 61 1
48 49 1
48 51 1
48 53 1
48 62 1
48 60 1
48 56 1
49 50 1
49 57 1
49 58 1
49 56 1
49 59 1
49 60 1
50 64 1
50 62 1
50 51 1
50 61 1
50 52 1
51 61 1
51 64 1
51 56 1
51 55 1
52 58 1
52 56 1
52 62 1
52 63 1
52 55 1
53 64 1
53 62 1
54 64 1
54 59 1
54 56 1
55 58 1
55 60 1
56 58 1
57 64 1
57 58 1
57 59 1
58 64 1
58 63 1
58 62 1
60 64 1
60 63 1
61 63 1
