65
0 38 1
0 8 1
0 40 1
0 34 1
0 61 1
0 32 1
0 29 1
0 26 1
0 51 1
0 56 1
0 20 1
0 64 1
0 47 1
0 45 1
0 2 1
0 22 1
0 31 1
0 14 1
0 24 1
0 1 1
1 19 1
1 18 1
1 36 1
1 53 1
1 22 1
1 4 1
1 47 1
1 63 1
1 24 1
1 38 1
1 55 1
1 58 1
1 52 1
1 10 1
1 64 1
1 32 1
1 14 1
1 49 1
1 21 1
1 48 1
2 63 1
2 52 1
2 3 1
2 16 1
2 48 1
2 6 1
2 60 1
2 56 1
2 7 1
2 46 1
2 15 1
2 55 1
2 47 1
2 58 1
2 64 1
2 27 1
2 14 1
2 43 1
2 23 1
2 4 1
3 40 1
3 42 1
3 23 1
3 8 1
3 46 1
3 4 1
3 10 1
3 25 1
3 21 1
3 33 1
3 49 1
3 13 1
3 43 1
3 37 1
3 57 1
3 59 1
3 22 1
3 15 1
4 8 1
4 28 1
4 48 1
4 53 1
4 34 1
4 55 1
4 57 1
4 36 1
4 46 1
4 64 1
4 51 1
4 32 1
4 11 1
4 15 1
4 6 1
5 6 1
5 47 1
5 50 1
5 26 1
5 24 1
5 49 1
5 46 1
5 16 1
5 23 1
5 33 1
5 37 1
5 56 1
5 18 1
5 29 1
5 44 1
5 8 1
5 21 1
5 60 1
6 62 1
6 46 1
6 16 1
6 20 1
6 51 1
6 53 1
6 37 1
6 56 1
6 19 1
6 29 1
6 34 1
6 21 1
6 40 1
6 31 1
6 58 1
7 9 1
7 27 1
7 8 1
7 37 1
7 55 1
7 25 1
7 47 1
7 17 1
7 45 1
7 18 1
7 30 1
7 16 1
7 19 1
7 13 1
7 14 1
7 12 1
7 21 1
7 38 1
7 24 1
7 11 1
7 64 1
7 36 1
8 18 1
8 28 1
8 23 1
8 26 1
8 15 1
8 63 1
8 61 1
8 38 1
8 57 1
8 50 1
8 20 1
8 49 1
8 36 1
8 55 1
8 51 1
8 47 1
8 56 1
8 59 1
8 41 1
8 40 1
8 14 1
8 58 1
9 41 1
9 44 1
9 63 1
9 55 1
9 47 1
9 49 1
9 27 1
9 38 1
9 48 1
9 56 1
9 61 1
9 30 1
9 15 1
9 25 1
9 37 1
9 46 1
9 64 1
9 24 1
9 20 1
10 17 1
10 52 1
10 44 1
10 16 1
10 11 1
10 42 1
10 53 1
10 18 1
10 59 1
10 22 1
10 30 1
10 39 1
10 23 1
10 27 1
10 45 1
10 35 1
10 36 1
10 24 1
10 25 1
11 49 1
11 62 1
11 27 1
11 21 1
11 23 1
11 53 1
11 22 1
11 12 1
11 58 1
11 26 1
11 40 1
11 61 1
11 47 1
11 20 1
11 17 1
11 44 1
11 31 1
12 26 1
12 41 1
12 39 1
12 45 1
12 64 1
12 61 1
12 37 1
12 42 1
12 52 1
12 47 1
12 44 1
12 46 1
12 62 1
12 56 1
12 63 1
13 38 1
13 36 1
13 23 1
13 15 1
13 54 1
13 28 1
13 50 1
13 14 1
13 41 1
13 18 1
13 45 1
13 24 1
13 26 1
13 35 1
13 51 1
13 63 1
13 42 1
13 27 1
13 33 1
13 55 1
13 32 1
13 56 1
13 17 1
13 21 1
13 43 1
14 15 1
14 52 1
14 23 1
14 59 1
14 46 1
14 33 1
14 28 1
14 50 1
14 47 1
14 27 1
14 63 1
14 40 1
14 56 1
14 29 1
14 19 1
14 51 1
14 49 1
14 53 1
15 36 1
15 43 1
15 19 1
15 59 1
15 55 1
15 48 1
15 60 1
15 30 1
15 25 1
15 29 1
15 27 1
15 49 1
15 56 1
15 38 1
15 61 1
15 39 1
15 33 1
15 37 1
15 52 1
16 44 1
16 53 1
16 49 1
16 43 1
16 28 1
16 27 1
16 22 1
16 21 1
16 38 1
16 48 1
16 29 1
16 24 1
16 51 1
16 39 1
16 36 1
16 63 1
17 32 1
17 48 1
17 47 1
17 38 1
17 55 1
17 46 1
17 57 1
17 40 1
17 21 1
17 20 1
17 31 1
17 41 1
17 53 1
17 24 1
17 49 1
17 19 1
17 23 1
17 42 1
18 19 1
18 24 1
18 29 1
18 45 1
18 53 1
18 58 1
18 59 1
18 26 1
18 57 1
18 21 1
18 41 1
18 49 1
18 44 1
18 36 1
18 23 1
19 51 1
19 36 1
19 52 1
19 20 1
19 35 1
19 59 1
19 38 1
19 44 1
19 47 1
19 48 1
19 21 1
19 31 1
19 28 1
19 32 1
19 55 1
19 53 1
20 54 1
20 31 1
20 26 1
20 22 1
20 52 1
20 21 1
20 32 1
20 40 1
20 44 1
20 23 1
20 61 1
20 35 1
20 41 1
20 45 1
21 58 1
21 23 1
21 56 1
21 47 1
21 49 1
21 29 1
21 60 1
21 52 1
21 34 1
21 31 1
21 22 1
21 43 1
21 45 1
21 54 1
22 42 1
22 36 1
22 57 1
22 62 1
22 64 1
22 26 1
22 29 1
22 39 1
22 41 1
22 47 1
22 44 1
22 23 1
22 49 1
22 58 1
22 54 1
23 42 1
23 41 1
23 56 1
23 33 1
23 53 1
23 47 1
23 27 1
23 45 1
23 63 1
23 30 1
23 59 1
23 58 1
23 31 1
24 38 1
24 59 1
24 48 1
24 60 1
24 33 1
24 34 1
24 31 1
24 30 1
24 51 1
24 25 1
24 39 1
24 36 1
24 37 1
24 44 1
24 41 1
25 62 1
25 55 1
25 30 1
25 36 1
25 48 1
25 46 1
25 58 1
25 41 1
25 50 1
25 44 1
25 59 1
25 49 1
25 39 1
25 64 1
25 47 1
25 60 1
25 56 1
25 45 1
26 35 1
26 60 1
26 50 1
26 45 1
26 42 1
26 63 1
26 59 1
26 34 1
26 37 1
26 54 1
26 33 1
26 43 1
26 30 1
27 45 1
27 29 1
27 30 1
27 31 1
27 37 1
27 39 1
27 51 1
27 53 1
27 56 1
27 34 1
27 35 1
27 57 1
27 52 1
27 49 1
27 36 1
27 41 1
28 47 1
28 34 1
28 39 1
28 29 1
28 46 1
28 63 1
28 58 1
28 60 1
28 52 1
28 35 1
28 36 1
29 34 1
29 30 1
29 33 1
29 39 1
29 47 1
29 60 1
29 55 1
29 43 1
29 36 1
30 48 1
30 55 1
30 50 1
30 45 1
30 42 1
30 46 1
30 54 1
30 64 1
30 36 1
30 52 1
31 36 1
31 59 1
31 35 1
31 38 1
31 58 1
31 57 1
31 44 1
31 34 1
31 37 1
31 48 1
31 53 1
31 33 1
31 45 1
32 42 1
32 34 1
32 52 1
32 55 1
32 36 1
32 38 1
32 50 1
32 33 1
32 51 1
32 49 1
32 39 1
32 35 1
32 61 1
32 63 1
32 45 1
32 58 1
33 39 1
33 37 1
33 43 1
33 52 1
33 38 1
34 51 1
34 36 1
34 53 1
34 47 1
34 38 1
34 37 1
34 52 1
34 59 1
34 43 1
34 61 1
35 41 1
35 42 1
35 64 1
35 49 1
35 62 1
35 57 1
35 44 1
35 40 1
35 58 1
35 55 1
35 56 1
36 45 1
36 44 1
36 64 1
36 47 1
36 43 1
36 37 1
36 61 1
37 61 1
37 59 1
37 45 1
37 56 1
37 58 1
37 43 1
37 52 1
37 38 1
37 62 1
38 39 1
38 50 1
38 43 1
38 52 1
38 58 1
38 51 1
38 59 1
38 41 1
38 45 1
38 48 1
38 61 1
39 55 1
39 63 1
39 43 1
39 44 1
39 52 1
39 62 1
39 50 1
39 53 1
39 51 1
39 57 1
39 54 1
39 60 1
40 61 1
40 64 1
40 43 1
40 42 1
40 52 1
40 49 1
40 46 1
40 44 1
40 51 1
40 58 1
40 50 1
41 61 1
41 50 1
41 54 1
41 58 1
41 63 1
41 55 1
41 42 1
41 64 1
42 48 1
42 44 1
42 57 1
42 58 1
42 43 1
42 60 1
42 50 1
42 59 1
42 52 1
42 61 1
42 46 1
43 58 1
43 52 1
43 57 1
43 51 1
43 56 1
43 60 1
43 49 1
43 55 1
43 47 1
44 52 1
44 55 1
44 47 1
44 60 1
44 56 1
44 54 1
44 48 1
44 51 1
45 52 1
45 58 1
45 61 1
45 63 1
45 55 1
46 61 1
46 58 1
46 52 1
46 51 1
46 54 1
46 47 1
46 63 1
46 62 1
46 48 1
47 52 1
47 54 1
47 49 1
47 48 1
47 55 1
47 50 1
48 50 1
48 57 1
48 55 1
48 62 1
48 53 1
49 63 1
49 58 1
49 52 1
49 60 1
49 62 1
49 50 1
50 62 1
50 54 1
50 55 1
50 53 1
50 58 1
51 60 1
51 58 1
51 62 1
52 55 1
52 60 1
52 53 1
52 62 1
52 56 1
53 64 1
53 60 1
53 63 1
53 61 1
53 56 1
54 60 1
54 59 1
54 58 1
55 64 1
55 60 1
55 58 1
55 56 1
56 58 1
56 59 1
57 60 1
57 63 1
58 62 1
58 61 1
58 63 1
58 60 1
58 64 1
59 64 1
59 60 1
60 63 1
60 61 1
60 64 1
61 62 1
62 64 1
