65
0 24 1
0 35 1
0 9 1
0 38 1
0 61 1
0 2 1
0 58 1
0 52 1
0 17 1
0 28 1
0 43 1
0 34 1
0 22 1
0 62 1
0 41 1
0 60 1
0 51 1
0 42 1
0 6 1
0 14 1
0 63 1
0 40 1
0 33 1
0 8 1
1 31 1
1 7 1
1 24 1
1 18 1
1 21 1
1 51 1
1 38 1
1 3 1
1 62 1
1 17 1
1 23 1
1 36 1
1 54 1
1 48 1
1 28 1
1 9 1
1 44 1
1 64 1
1 57 1
1 11 1
1 27 1
1 46 1
1 20 1
1 63 1
2 33 1
2 49 1
2 11 1
2 24 1
2 23 1
2 20 1
2 60 1
2 34 1
2 42 1
2 39 1
2 12 1
2 63 1
2 30 1
2 43 1
2 21 1
2 19 1
2 9 1
2 36 1
2 13 1
2 22 1
2 52 1
2 37 1
2 5 1
3 32 1
3 59 1
3 48 1
3 42 1
3 63 1
3 40 1
3 46 1
3 45 1
3 28 1
3 30 1
3 33 1
3 64 1
3 31 1
3 62 1
3 19 1
3 58 1
3 47 1
3 10 1
3 21 1
3 50 1
3 37 1
3 27 1
3 61 1
3 53 1
3 16 1
4 54 1
4 39 1
4 55 1
4 8 1
4 42 1
4 21 1
4 24 1
4 64 1
4 45 1
4 52 1
4 40 1
4 56 1
4 47 1
4 12 1
4 14 1
4 9 1
4 51 1
4 34 1
4 11 1
4 28 1
4 61 1
4 31 1
4 27 1
4 41 1
5 20 1
5 23 1
5 27 1
5 58 1
5 54 1
5 26 1
5 24 1
5 40 1
5 59 1
5 43 1
5 33 1
5 25 1
5 50 1
5 51 1
5 13 1
5 34 1
5 47 1
6 19 1
6 42 1
6 13 1
6 37 1
6 34 1
6 59 1
6 64 1
6 57 1
6 25 1
6 26 1
6 14 1
6 33 1
6 35 1
6 18 1
6 44 1
6 51 1
6 49 1
6 46 1
6 54 1
6 61 1
7 25 1
7 23 1
7 55 1
7 62 1
7 59 1
7 60 1
7 48 1
7 12 1
7 26 1
7 41 1
7 57 1
7 30 1
7 29 1
7 8 1
7 52 1
7 28 1
7 16 1
7 42 1
7 17 1
7 21 1
7 53 1
8 43 1
8 54 1
8 10 1
8 58 1
8 11 1
8 63 1
8 51 1
8 53 1
8 21 1
8 15 1
8 37 1
9 32 1
9 52 1
9 53 1
9 18 1
9 56 1
9 14 1
9 44 1
9 50 1
9 41 1
9 36 1
9 24 1
9 45 1
9 61 1
9 38 1
9 58 1
9 57 1
9 17 1
9 48 1
9 12 1
9 39 1
9 42 1
10 49 1
10 40 1
10 30 1
10 56 1
10 23 1
10 59 1
10 11 1
10 57 1
10 32 1
10 47 1
10 52 1
10 46 1
10 13 1
10 28 1
10 60 1
10 27 1
10 64 1
11 62 1
11 56 1
11 55 1
11 43 1
11 32 1
11 58 1
11 35 1
11 30 1
11 39 1
11 61 1
11 47 1
11 19 1
12 36 1
12 18 1
12 49 1
12 20 1
12 54 1
12 40 1
12 17 1
12 32 1
12 28 1
12 46 1
12 52 1
12 60 1
12 21 1
12 61 1
12 39 1
13 19 1
13 36 1
13 48 1
13 47 1
13 33 1
13 54 1
13 16 1
13 46 1
13 28 1
13 61 1
13 41 1
13 35 1
13 18 1
13 51 1
13 53 1
13 39 1
13 34 1
13 55 1
14 23 1
14 51 1
14 58 1
14 38 1
14 17 1
14 59 1
14 61 1
14 42 1
14 37 1
14 34 1
14 33 1
14 25 1
14 18 1
14 24 1
14 50 1
14 31 1
14 55 1
15 37 1
15 30 1
15 33 1
15 19 1
15 62 1
15 20 1
15 63 1
15 29 1
15 28 1
15 51 1
15 35 1
15 59 1
15 64 1
15 53 1
15 22 1
15 42 1
16 30 1
16 34 1
16 37 1
16 35 1
16 61 1
16 59 1
16 41 1
16 23 1
16 25 1
16 17 1
16 45 1
16 56 1
16 46 1
16 44 1
17 55 1
17 20 1
17 32 1
17 53 1
17 36 1
17 35 1
17 40 1
17 61 1
17 22 1
17 57 1
17 42 1
17 41 1
17 26 1
17 24 1
18 60 1
18 25 1
18 23 1
18 30 1
18 43 1
18 41 1
18 55 1
18 31 1
18 61 1
18 28 1
18 20 1
18 29 1
18 54 1
18 42 1
18 53 1
19 54 1
19 52 1
19 58 1
19 46 1
19 56 1
19 27 1
19 28 1
19 30 1
19 23 1
19 21 1
19 32 1
19 35 1
19 59 1
19 44 1
19 53 1
19 62 1
19 29 1
19 61 1
19 50 1
19 49 1
20 30 1
20 21 1
20 34 1
20 59 1
20 28 1
20 26 1
20 51 1
20 44 1
20 39 1
20 50 1
20 64 1
20 53 1
20 41 1
20 49 1
20 48 1
20 61 1
20 55 1
21 52 1
21 64 1
21 57 1
21 59 1
21 42 1
21 25 1
21 35 1
21 31 1
21 44 1
21 58 1
21 33 1
21 30 1
21 60 1
21 54 1
21 23 1
21 40 1
21 37 1
21 41 1
22 64 1
22 49 1
22 26 1
22 58 1
22 24 1
22 35 1
22 37 1
22 25 1
22 45 1
22 63 1
22 33 1
22 40 1
22 27 1
23 36 1
23 51 1
23 63 1
23 45 1
23 50 1
23 61 1
23 38 1
23 62 1
23 27 1
23 24 1
23 60 1
23 56 1
23 48 1
23 43 1
24 42 1
24 30 1
24 36 1
24 31 1
24 63 1
24 39 1
24 43 1
24 28 1
24 62 1
24 45 1
24 53 1
24 34 1
24 32 1
24 60 1
25 53 1
25 32 1
25 46 1
25 62 1
25 30 1
25 44 1
25 51 1
25 33 1
25 41 1
25 39 1
25 40 1
26 56 1
26 47 1
26 29 1
26 58 1
26 57 1
26 51 1
26 55 1
26 33 1
26 52 1
27 51 1
27 59 1
27 31 1
27 54 1
27 57 1
27 29 1
27 52 1
27 30 1
27 63 1
27 42 1
27 35 1
27 39 1
27 64 1
27 41 1
28 58 1
28 63 1
28 42 1
28 62 1
28 46 1
28 53 1
28 35 1
28 37 1
28 43 1
29 34 1
29 41 1
29 58 1
29 51 1
29 30 1
29 35 1
29 55 1
29 56 1
29 36 1
30 49 1
30 56 1
30 61 1
30 32 1
30 33 1
30 59 1
30 38 1
30 35 1
30 60 1
30 34 1
30 37 1
31 34 1
31 46 1
31 33 1
31 59 1
31 54 1
31 47 1
31 51 1
31 35 1
31 61 1
31 53 1
31 44 1
31 43 1
31 52 1
31 58 1
32 58 1
32 40 1
32 51 1
32 55 1
32 43 1
32 50 1
32 63 1
33 52 1
33 45 1
33 41 1
33 61 1
33 49 1
33 35 1
33 37 1
33 40 1
33 56 1
33 44 1
33 55 1
33 48 1
33 36 1
33 46 1
34 47 1
34 51 1
34 57 1
34 63 1
34 49 1
34 54 1
34 55 1
34 44 1
34 42 1
34 50 1
34 41 1
34 38 1
34 59 1
34 46 1
34 61 1
35 61 1
35 44 1
35 46 1
35 62 1
35 45 1
35 60 1
35 64 1
35 48 1
35 58 1
35 59 1
35 50 1
35 49 1
35 37 1
35 40 1
35 51 1
35 41 1
36 40 1
36 41 1
36 49 1
36 57 1
36 55 1
36 48 1
36 38 1
36 44 1
36 62 1
36 63 1
37 42 1
37 53 1
37 58 1
37 44 1
37 64 1
37 43 1
37 59 1
37 62 1
38 45 1
38 47 1
38 64 1
38 50 1
38 53 1
38 61 1
38 44 1
38 57 1
38 48 1
38 43 1
39 53 1
39 55 1
39 57 1
39 40 1
39 49 1
39 64 1
39 44 1
39 59 1
40 61 1
40 50 1
40 47 1
40 53 1
40 52 1
40 44 1
40 49 1
40 58 1
40 57 1
40 56 1
41 54 1
41 55 1
41 45 1
41 63 1
41 59 1
41 60 1
41 51 1
41 64 1
41 56 1
41 43 1
42 48 1
42 45 1
42 44 1
42 58 1
42 59 1
42 56 1
42 53 1
43 60 1
43 55 1
43 45 1
43 44 1
43 52 1
43 61 1
43 50 1
43 57 1
43 48 1
43 47 1
43 49 1
43 53 1
44 62 1
44 50 1
44 63 1
44 52 1
44 49 1
44 55 1
45 51 1
45 50 1
45 63 1
45 64 1
45 62 1
45 54 1
46 48 1
46 59 1
46 58 1
46 63 1
46 64 1
47 49 1
47 52 1
47 63 1
47 55 1
47 62 1
47 61 1
47 54 1
47 50 1
47 48 1
47 60 1
47 53 1
48 51 1
48 54 1
48 53 1
48 62 1
48 61 1
48 64 1
49 51 1
49 62 1
49 60 1
49 54 1
49 57 1
49 52 1
49 53 1
49 63 1
49 56 1
49 58 1
50 60 1
50 64 1
50 51 1
50 55 1
50 61 1
50 63 1
50 59 1
51 62 1
51 56 1
51 57 1
52 60 1
52 61 1
53 56 1
53 57 1
53 63 1
53 59 1
53 55 1
53 61 1
54 58 1
55 56 1
55 61 1
56 61 1
56 63 1
56 64 1
57 58 1
57 61 1
57 62 1
58 61 1
59 64 1
59 61 1
59 63 1
60 62 1
60 63 1
60 61 1
61 62 1
61 64 1
