70
0 56 1
0 59 1
0 52 1
0 60 1
0 6 1
0 33 1
0 3 1
0 68 1
0 61 1
0 2 1
0 38 1
0 64 1
0 19 1
0 9 1
0 17 1
0 20 1
0 26 1
0 27 1
0 40 1
0 7 1
0 57 1
0 54 1
0 14 1
0 49 1
0 23 1
1 41 1
1 62 1
1 35 1
1 46 1
1 63 1
1 56 1
1 22 1
1 54 1
1 24 1
1 44 1
1 37 1
1 40 1
1 32 1
1 31 1
1 12 1
1 66 1
1 11 1
1 58 1
1 16 1
1 3 1
1 19 1
1 5 1
1 2 1
1 53 1
1 9 1
2 28 1
2 31 1
2 65 1
2 64 1
2 44 1
2 66 1
2 57 1
2 45 1
2 36 1
2 18 1
2 53 1
2 21 1
2 38 1
2 46 1
2 59 1
2 48 1
2 5 1
2 12 1
2 22 1
2 24 1
2 60 1
2 20 1
2 27 1
2 58 1
2 40 1
2 54 1
2 49 1
2 16 1
2 42 1
2 13 1
2 35 1
3 34 1
3 25 1
3 14 1
3 48 1
3 47 1
3 53 1
3 52 1
3 54 1
3 59 1
3 26 1
3 64 1
3 13 1
3 68 1
3 51 1
3 61 1
3 66 1
3 65 1
3 32 1
3 40 1
3 43 1
4 46 1
4 58 1
4 40 1
4 24 1
4 44 1
4 6 1
4 38 1
4 30 1
4 22 1
4 37 1
4 48 1
4 19 1
4 47 1
4 64 1
4 68 1
4 21 1
4 39 1
4 60 1
5 49 1
5 54 1
5 59 1
5 68 1
5 7 1
5 20 1
5 9 1
5 44 1
5 37 1
5 66 1
5 60 1
5 34 1
5 46 1
5 28 1
5 48 1
5 58 1
5 38 1
5 41 1
5 31 1
5 10 1
5 67 1
5 16 1
5 12 1
5 51 1
6 27 1
6 62 1
6 34 1
6 22 1
6 19 1
6 26 1
6 43 1
6 61 1
6 24 1
6 57 1
6 23 1
6 37 1
6 15 1
6 12 1
6 44 1
6 50 1
6 20 1
6 42 1
6 38 1
6 35 1
6 33 1
6 69 1
6 30 1
6 54 1
7 67 1
7 28 1
7 69 1
7 17 1
7 60 1
7 20 1
7 41 1
7 40 1
7 55 1
7 42 1
7 9 1
7 52 1
7 37 1
7 53 1
7 34 1
7 63 1
7 39 1
7 10 1
8 46 1
8 54 1
8 31 1
8 66 1
8 67 1
8 41 1
8 21 1
8 49 1
8 29 1
8 34 1
8 65 1
8 69 1
8 44 1
8 28 1
8 56 1
8 14 1
8 51 1
8 24 1
8 59 1
8 35 1
9 53 1
9 69 1
9 59 1
9 45 1
9 48 1
9 10 1
9 17 1
9 22 1
9 37 1
9 19 1
9 25 1
9 27 1
9 49 1
9 64 1
9 34 1
9 18 1
9 56 1
10 35 1
10 37 1
10 40 1
10 43 1
10 67 1
10 20 1
10 24 1
10 15 1
10 59 1
10 60 1
10 49 1
10 62 1
10 44 1
10 23 1
10 11 1
10 65 1
10 54 1
10 27 1
10 33 1
10 36 1
10 46 1
10 38 1
10 61 1
10 47 1
10 14 1
10 48 1
10 31 1
10 22 1
11 40 1
11 24 1
11 63 1
11 60 1
11 36 1
11 33 1
11 32 1
11 14 1
11 42 1
11 43 1
11 44 1
11 17 1
11 65 1
11 57 1
11 49 1
11 39 1
11 58 1
11 26 1
11 22 1
11 54 1
12 59 1
12 19 1
12 47 1
12 54 1
12 49 1
12 58 1
12 50 1
12 35 1
12 36 1
12 53 1
12 63 1
12 34 1
12 18 1
12 46 1
12 67 1
12 41 1
12 13 1
12 62 1
12 20 1
12 66 1
12 29 1
12 44 1
12 37 1
12 48 1
13 47 1
13 62 1
13 43 1
13 49 1
13 40 1
13 44 1
13 51 1
13 53 1
13 48 1
13 42 1
13 26 1
13 18 1
13 52 1
13 33 1
13 39 1
13 22 1
13 54 1
14 56 1
14 24 1
14 31 1
14 67 1
14 30 1
14 59 1
14 58 1
14 23 1
14 48 1
14 65 1
14 21 1
14 51 1
14 25 1
14 53 1
14 63 1
14 18 1
14 16 1
14 60 1
14 47 1
14 40 1
14 50 1
15 21 1
15 41 1
15 33 1
15 19 1
15 50 1
15 32 1
15 62 1
15 68 1
15 67 1
15 54 1
15 16 1
15 69 1
15 59 1
15 47 1
15 31 1
15 49 1
15 27 1
15 29 1
15 42 1
15 57 1
15 28 1
16 40 1
16 49 1
16 22 1
16 21 1
16 51 1
16 35 1
16 67 1
16 37 1
16 31 1
16 50 1
16 66 1
16 29 1
16 24 1
16 44 1
16 36 1
16 20 1
16 53 1
16 17 1
16 30 1
16 43 1
16 45 1
17 20 1
17 43 1
17 65 1
17 18 1
17 35 1
17 53 1
17 34 1
17 50 1
17 45 1
17 23 1
17 49 1
17 54 1
17 61 1
17 33 1
18 29 1
18 27 1
18 39 1
18 38 1
18 28 1
18 64 1
18 63 1
18 55 1
18 69 1
18 22 1
18 21 1
18 62 1
18 40 1
18 24 1
18 25 1
18 48 1
18 65 1
19 33 1
19 45 1
19 22 1
19 37 1
19 49 1
19 30 1
19 53 1
19 61 1
19 34 1
19 54 1
19 67 1
19 39 1
19 23 1
19 36 1
19 47 1
19 24 1
19 51 1
19 44 1
20 63 1
20 51 1
20 29 1
20 49 1
20 56 1
20 36 1
20 43 1
20 58 1
20 68 1
20 54 1
20 45 1
20 32 1
20 55 1
20 61 1
20 33 1
20 53 1
20 42 1
20 35 1
21 36 1
21 33 1
21 68 1
21 32 1
21 61 1
21 24 1
21 37 1
21 22 1
21 40 1
21 50 1
21 27 1
21 46 1
21 47 1
21 44 1
21 65 1
21 67 1
21 28 1
21 48 1
21 49 1
21 38 1
21 42 1
22 56 1
22 68 1
22 27 1
22 49 1
22 62 1
22 59 1
22 42 1
22 26 1
22 30 1
22 58 1
22 32 1
22 52 1
22 55 1
22 23 1
22 45 1
22 51 1
22 28 1
23 65 1
23 64 1
23 54 1
23 62 1
23 47 1
23 63 1
23 68 1
23 30 1
23 61 1
24 36 1
24 34 1
24 40 1
24 58 1
24 41 1
24 30 1
24 42 1
24 50 1
24 38 1
24 62 1
24 29 1
24 68 1
24 52 1
24 67 1
24 53 1
24 26 1
24 43 1
24 44 1
24 25 1
24 27 1
24 60 1
25 43 1
25 52 1
25 67 1
25 41 1
25 31 1
25 29 1
25 40 1
25 42 1
25 39 1
25 69 1
25 56 1
25 68 1
25 57 1
25 26 1
25 59 1
25 36 1
25 61 1
26 54 1
26 67 1
26 35 1
26 40 1
26 57 1
26 39 1
26 65 1
26 49 1
26 68 1
27 32 1
27 66 1
27 65 1
27 56 1
27 46 1
27 39 1
27 38 1
27 59 1
27 45 1
27 61 1
27 69 1
27 64 1
28 50 1
28 62 1
28 44 1
28 66 1
28 48 1
28 67 1
28 63 1
28 51 1
28 52 1
28 46 1
29 37 1
29 31 1
29 30 1
29 47 1
29 63 1
29 59 1
29 35 1
29 46 1
29 58 1
29 61 1
29 49 1
29 53 1
29 69 1
29 55 1
29 44 1
30 36 1
30 31 1
30 51 1
30 61 1
30 65 1
30 45 1
31 61 1
31 58 1
31 57 1
31 48 1
31 36 1
31 56 1
31 32 1
31 54 1
31 62 1
31 51 1
31 40 1
31 55 1
31 65 1
31 64 1
31 59 1
31 46 1
31 69 1
32 51 1
32 39 1
32 61 1
32 45 1
32 41 1
32 40 1
32 64 1
32 60 1
32 52 1
32 66 1
32 33 1
32 57 1
32 38 1
32 55 1
32 56 1
32 47 1
32 62 1
32 34 1
33 56 1
33 44 1
33 37 1
33 53 1
33 42 1
33 47 1
33 35 1
33 36 1
33 69 1
34 61 1
34 54 1
34 56 1
34 59 1
34 38 1
34 40 1
34 58 1
34 51 1
34 55 1
34 42 1
35 36 1
35 43 1
35 63 1
35 38 1
35 65 1
35 59 1
35 61 1
35 57 1
35 40 1
35 49 1
35 68 1
36 63 1
36 45 1
36 69 1
36 37 1
36 58 1
36 41 1
36 56 1
36 60 1
37 47 1
37 53 1
37 50 1
37 46 1
37 45 1
37 54 1
37 57 1
37 39 1
37 55 1
37 40 1
37 51 1
37 41 1
38 43 1
38 44 1
38 45 1
38 58 1
38 54 1
38 53 1
38 61 1
38 64 1
38 47 1
38 49 1
38 69 1
38 67 1
38 60 1
38 62 1
39 41 1
39 46 1
39 69 1
39 56 1
39 68 1
39 43 1
39 45 1
39 40 1
39 47 1
39 64 1
39 66 1
39 42 1
39 48 1
40 54 1
40 48 1
40 53 1
40 69 1
40 44 1
40 58 1
40 63 1
40 51 1
40 60 1
40 64 1
41 55 1
41 67 1
41 46 1
41 45 1
41 42 1
41 63 1
41 64 1
41 52 1
42 60 1
42 54 1
42 43 1
42 57 1
42 68 1
42 48 1
42 47 1
42 59 1
43 50 1
43 65 1
43 55 1
43 52 1
43 63 1
43 51 1
43 48 1
44 69 1
44 65 1
44 47 1
44 46 1
44 54 1
44 51 1
44 63 1
44 50 1
44 62 1
44 45 1
45 61 1
45 66 1
45 50 1
45 55 1
45 46 1
45 57 1
45 47 1
45 68 1
45 49 1
45 67 1
45 58 1
46 52 1
46 62 1
46 50 1
46 64 1
46 66 1
46 69 1
46 61 1
47 56 1
47 55 1
47 63 1
47 66 1
47 53 1
47 68 1
47 65 1
47 48 1
48 54 1
48 67 1
48 59 1
48 62 1
48 49 1
48 51 1
48 50 1
48 69 1
49 51 1
49 64 1
49 50 1
49 67 1
49 52 1
50 65 1
50 68 1
50 66 1
50 61 1
50 63 1
50 51 1
50 55 1
50 69 1
51 59 1
51 55 1
51 68 1
51 63 1
51 69 1
51 61 1
51 67 1
51 65 1
52 68 1
52 62 1
52 69 1
52 53 1
52 64 1
52 61 1
52 57 1
53 67 1
53 58 1
53 68 1
53 57 1
53 64 1
53 55 1
54 61 1
54 63 1
54 57 1
54 67 1
54 60 1
54 66 1
54 64 1
55 62 1
55 65 1
55 64 1
55 61 1
56 61 1
56 65 1
56 62 1
56 63 1
56 66 1
56 69 1
57 59 1
57 69 1
57 68 1
57 58 1
58 61 1
58 68 1
58 62 1
58 63 1
59 64 1
59 66 1
59 69 1
59 63 1
59 62 1
60 61 1
60 64 1
60 67 1
61 62 1
61 65 1
62 63 1
63 64 1
63 69 1
64 65 1
64 68 1
64 67 1
65 67 1
65 68 1
66 67 1
