70
0 18 1
0 59 1
0 56 1
0 6 1
0 29 1
0 64 1
0 23 1
0 7 1
0 38 1
0 53 1
0 17 1
0 2 1
0 26 1
0 36 1
0 65 1
0 25 1
0 22 1
0 34 1
0 4 1
0 9 1
0 16 1
0 37 1
0 45 1
0 52 1
0 42 1
1 17 1
1 62 1
1 38 1
1 37 1
1 49 1
1 6 1
1 29 1
1 57 1
1 46 1
1 58 1
1 3 1
1 30 1
1 16 1
1 56 1
1 60 1
1 68 1
1 47 1
1 64 1
1 33 1
1 41 1
1 35 1
1 45 1
1 14 1
1 8 1
2 47 1
2 30 1
2 18 1
2 15 1
2 61 1
2 52 1
2 59 1
2 43 1
2 7 1
2 57 1
2 58 1
2 5 1
2 46 1
2 36 1
2 50 1
2 17 1
2 45 1
2 54 1
2 49 1
2 4 1
2 29 1
2 67 1
2 68 1
2 21 1
3 59 1
3 7 1
3 19 1
3 39 1
3 20 1
3 25 1
3 10 1
3 44 1
3 30 1
3 17 1
3 43 1
3 65 1
3 38 1
3 47 1
3 33 1
4 7 1
4 18 1
4 27 1
4 52 1
4 53 1
4 33 1
4 43 1
4 40 1
4 35 1
4 49 1
4 42 1
4 9 1
4 58 1
4 56 1
4 55 1
4 45 1
4 10 1
4 22 1
4 64 1
4 29 1
4 24 1
4 66 1
4 17 1
4 37 1
4 13 1
4 38 1
4 31 1
4 54 1
4 19 1
4 6 1
4 30 1
4 62 1
5 30 1
5 11 1
5 56 1
5 42 1
5 26 1
5 7 1
5 51 1
5 57 1
5 28 1
5 55 1
5 23 1
5 9 1
5 21 1
5 29 1
5 61 1
5 43 1
5 34 1
5 63 1
5 12 1
5 53 1
5 20 1
6 34 1
6 54 1
6 64 1
6 11 1
6 65 1
6 57 1
6 24 1
6 13 1
6 49 1
6 38 1
6 29 1
6 43 1
6 68 1
6 56 1
6 37 1
6 27 1
6 18 1
6 36 1
6 12 1
6 39 1
6 66 1
7 45 1
7 42 1
7 61 1
7 30 1
7 62 1
7 34 1
7 16 1
7 47 1
7 40 1
7 50 1
7 48 1
7 51 1
7 13 1
7 69 1
7 21 1
7 49 1
7 65 1
7 68 1
7 43 1
7 26 1
7 8 1
8 69 1
8 49 1
8 67 1
8 11 1
8 17 1
8 65 1
8 9 1
8 31 1
8 46 1
8 10 1
8 24 1
8 21 1
8 27 1
8 58 1
8 34 1
8 60 1
8 40 1
8 14 1
8 39 1
8 35 1
8 43 1
8 45 1
8 19 1
9 69 1
9 16 1
9 65 1
9 22 1
9 21 1
9 37 1
9 38 1
9 31 1
9 59 1
9 49 1
9 47 1
9 46 1
9 34 1
9 63 1
9 15 1
9 61 1
9 43 1
9 19 1
9 23 1
9 11 1
9 45 1
10 54 1
10 14 1
10 60 1
10 35 1
10 43 1
10 38 1
10 21 1
10 39 1
10 31 1
10 30 1
10 28 1
10 33 1
10 19 1
10 53 1
11 63 1
11 41 1
11 65 1
11 39 1
11 42 1
11 23 1
11 31 1
11 52 1
11 19 1
11 12 1
11 22 1
11 34 1
11 29 1
11 57 1
11 45 1
11 40 1
11 18 1
11 51 1
11 55 1
11 64 1
11 61 1
11 60 1
11 36 1
11 28 1
11 37 1
11 66 1
11 58 1
11 26 1
12 26 1
12 42 1
12 14 1
12 20 1
12 24 1
12 57 1
12 66 1
12 60 1
12 36 1
12 46 1
12 62 1
12 47 1
12 22 1
12 18 1
12 55 1
12 19 1
12 32 1
12 50 1
12 33 1
12 39 1
12 43 1
12 27 1
12 38 1
12 34 1
12 28 1
12 16 1
12 67 1
13 46 1
13 37 1
13 38 1
13 36 1
13 41 1
13 32 1
13 60 1
13 61 1
13 55 1
13 43 1
13 58 1
13 47 1
13 56 1
13 48 1
14 33 1
14 26 1
14 32 1
14 65 1
14 39 1
14 61 1
14 23 1
14 56 1
14 34 1
14 58 1
14 42 1
14 21 1
14 46 1
14 41 1
14 16 1
14 28 1
14 30 1
14 54 1
14 18 1
14 43 1
14 19 1
14 62 1
14 53 1
15 50 1
15 69 1
15 44 1
15 36 1
15 21 1
15 18 1
15 25 1
15 61 1
15 20 1
15 63 1
15 45 1
15 24 1
15 41 1
16 65 1
16 28 1
16 17 1
16 35 1
16 19 1
16 44 1
16 29 1
16 22 1
16 63 1
16 33 1
16 57 1
16 18 1
16 59 1
16 38 1
16 27 1
16 25 1
16 41 1
16 40 1
16 26 1
16 49 1
16 60 1
17 65 1
17 57 1
17 46 1
17 33 1
17 52 1
17 60 1
17 50 1
17 63 1
17 32 1
17 37 1
17 54 1
17 47 1
17 34 1
17 51 1
17 43 1
17 24 1
17 58 1
17 62 1
17 49 1
17 68 1
17 40 1
17 18 1
17 45 1
17 48 1
18 49 1
18 29 1
18 50 1
18 39 1
18 40 1
18 33 1
18 60 1
18 51 1
18 32 1
18 65 1
18 48 1
18 36 1
18 69 1
18 34 1
18 42 1
18 63 1
18 46 1
18 67 1
18 43 1
18 53 1
18 27 1
19 38 1
19 45 1
19 39 1
19 34 1
19 55 1
19 41 1
19 29 1
19 50 1
19 22 1
19 40 1
19 51 1
19 67 1
19 33 1
19 48 1
19 69 1
19 65 1
19 58 1
19 64 1
20 60 1
20 56 1
20 31 1
20 41 1
20 57 1
20 35 1
20 65 1
20 23 1
20 34 1
20 67 1
20 54 1
20 29 1
20 42 1
20 53 1
20 48 1
20 51 1
20 49 1
20 39 1
20 27 1
21 60 1
21 38 1
21 61 1
21 42 1
21 48 1
21 49 1
21 47 1
21 53 1
21 65 1
21 35 1
21 29 1
21 66 1
21 44 1
21 62 1
21 46 1
21 57 1
21 30 1
22 63 1
22 47 1
22 25 1
22 57 1
22 46 1
22 43 1
22 31 1
22 58 1
23 35 1
23 63 1
23 25 1
23 69 1
23 58 1
23 64 1
23 67 1
23 56 1
23 39 1
23 54 1
23 65 1
23 29 1
23 47 1
23 45 1
23 42 1
23 36 1
23 52 1
24 47 1
24 25 1
24 48 1
24 29 1
24 57 1
24 37 1
24 64 1
24 65 1
24 58 1
24 40 1
25 31 1
25 56 1
25 55 1
25 47 1
25 62 1
25 51 1
25 68 1
25 46 1
25 29 1
25 27 1
25 41 1
25 58 1
25 42 1
26 32 1
26 65 1
26 46 1
26 61 1
26 58 1
26 53 1
26 39 1
26 69 1
26 57 1
26 68 1
26 43 1
26 56 1
26 66 1
26 64 1
27 62 1
27 68 1
27 54 1
27 43 1
27 29 1
27 30 1
27 56 1
27 42 1
27 59 1
27 67 1
27 69 1
27 50 1
27 53 1
27 38 1
27 57 1
27 64 1
27 55 1
27 66 1
27 65 1
27 41 1
27 35 1
27 49 1
28 58 1
28 29 1
28 69 1
28 56 1
28 35 1
28 60 1
28 46 1
28 65 1
28 37 1
28 41 1
28 47 1
28 62 1
28 40 1
28 38 1
28 33 1
28 52 1
29 64 1
29 67 1
29 51 1
29 48 1
29 33 1
29 30 1
29 40 1
29 61 1
29 47 1
29 32 1
29 58 1
30 63 1
30 61 1
30 67 1
30 38 1
30 31 1
30 66 1
30 45 1
30 44 1
30 34 1
30 33 1
31 58 1
31 46 1
31 61 1
31 34 1
31 40 1
31 35 1
31 68 1
31 43 1
31 55 1
31 38 1
31 53 1
31 60 1
32 59 1
32 67 1
32 33 1
32 58 1
32 54 1
32 47 1
32 46 1
32 60 1
33 68 1
33 46 1
33 49 1
33 47 1
33 56 1
33 38 1
33 40 1
33 44 1
33 58 1
33 34 1
34 61 1
34 46 1
34 43 1
34 66 1
34 55 1
34 63 1
34 54 1
34 49 1
34 50 1
34 67 1
34 60 1
34 48 1
34 64 1
34 53 1
34 69 1
34 47 1
35 62 1
35 47 1
35 46 1
35 54 1
35 68 1
35 39 1
35 69 1
35 66 1
35 45 1
35 60 1
35 53 1
35 41 1
35 51 1
35 59 1
36 47 1
36 63 1
36 42 1
36 52 1
36 60 1
36 45 1
36 53 1
36 37 1
36 39 1
36 58 1
37 52 1
37 60 1
37 40 1
37 65 1
37 64 1
37 45 1
37 47 1
37 55 1
37 56 1
37 62 1
37 63 1
38 63 1
38 62 1
38 47 1
38 39 1
38 60 1
38 53 1
39 53 1
39 40 1
39 44 1
39 62 1
39 47 1
39 58 1
39 54 1
39 46 1
39 67 1
39 56 1
39 50 1
39 63 1
40 57 1
40 68 1
40 43 1
40 52 1
40 46 1
40 60 1
40 56 1
40 41 1
40 64 1
40 63 1
40 53 1
40 50 1
41 65 1
41 45 1
41 69 1
41 59 1
41 50 1
41 49 1
41 44 1
41 52 1
42 57 1
42 59 1
42 58 1
42 67 1
42 47 1
42 43 1
42 66 1
42 69 1
42 44 1
42 68 1
42 61 1
42 46 1
42 62 1
43 60 1
43 51 1
43 65 1
43 66 1
43 62 1
43 50 1
43 57 1
43 55 1
43 45 1
43 54 1
43 63 1
44 51 1
44 52 1
44 69 1
44 62 1
44 47 1
44 58 1
44 57 1
44 67 1
44 65 1
44 50 1
45 68 1
45 47 1
45 52 1
45 62 1
45 57 1
45 61 1
45 65 1
45 58 1
45 67 1
45 64 1
46 60 1
46 54 1
46 67 1
46 52 1
46 64 1
46 56 1
46 49 1
46 57 1
46 68 1
46 66 1
46 51 1
47 63 1
47 57 1
47 58 1
47 66 1
47 55 1
47 54 1
47 62 1
47 67 1
48 53 1
48 57 1
48 56 1
48 68 1
48 49 1
48 51 1
48 67 1
49 66 1
49 54 1
49 57 1
49 59 1
49 55 1
49 67 1
50 55 1
50 66 1
50 59 1
50 63 1
50 65 1
50 67 1
50 69 1
50 68 1
51 53 1
51 56 1
51 55 1
51 66 1
51 64 1
51 52 1
52 55 1
52 59 1
52 64 1
52 66 1
52 68 1
53 66 1
53 67 1
53 69 1
53 59 1
54 57 1
54 55 1
54 56 1
54 69 1
54 66 1
55 57 1
55 60 1
55 67 1
55 69 1
55 58 1
55 56 1
56 61 1
56 62 1
56 68 1
56 66 1
57 65 1
57 63 1
58 60 1
58 61 1
59 69 1
59 61 1
59 64 1
60 63 1
60 69 1
60 64 1
61 62 1
61 65 1
61 66 1
61 64 1
61 67 1
62 68 1
63 69 1
63 65 1
63 67 1
64 68 1
64 67 1
65 69 1
65 68 1
66 69 1
67 68 1
