70
0 63 1
0 60 1
0 35 1
0 23 1
0 13 1
0 45 1
0 40 1
0 29 1
0 39 1
0 48 1
0 1 1
0 16 1
0 9 1
0 31 1
0 27 1
0 4 1
0 11 1
0 2 1
0 34 1
0 30 1
0 6 1
1 3 1
1 56 1
1 52 1
1 68 1
1 6 1
1 18 1
1 36 1
1 61 1
1 32 1
1 16 1
1 62 1
1 28 1
1 10 1
1 30 1
1 48 1
1 50 1
1 67 1
1 60 1
1 29 1
1 13 1
1 17 1
1 25 1
1 20 1
2 15 1
2 5 1
2 47 1
2 25 1
2 12 1
2 59 1
2 68 1
2 55 1
2 64 1
2 8 1
2 69 1
2 67 1
2 43 1
2 66 1
2 31 1
2 18 1
2 9 1
3 59 1
3 56 1
3 61 1
3 42 1
3 11 1
3 36 1
3 5 1
3 16 1
3 10 1
3 22 1
3 20 1
3 49 1
3 30 1
3 38 1
3 46 1
3 39 1
3 12 1
3 51 1
3 41 1
3 57 1
3 44 1
3 34 1
3 53 1
3 52 1
3 32 1
3 19 1
4 42 1
4 16 1
4 9 1
4 36 1
4 68 1
4 41 1
4 62 1
4 66 1
4 54 1
4 14 1
4 5 1
4 33 1
4 69 1
4 15 1
4 29 1
4 37 1
4 53 1
4 65 1
4 12 1
4 63 1
4 19 1
4 8 1
4 13 1
4 51 1
4 32 1
4 28 1
5 68 1
5 29 1
5 54 1
5 36 1
5 11 1
5 18 1
5 46 1
5 23 1
5 66 1
5 56 1
5 31 1
5 49 1
5 20 1
5 38 1
5 62 1
5 45 1
5 35 1
5 55 1
5 59 1
5 21 1
5 53 1
5 42 1
5 30 1
5 39 1
5 58 1
5 27 1
5 69 1
5 64 1
5 22 1
5 26 1
5 40 1
6 19 1
6 12 1
6 45 1
6 52 1
6 37 1
6 17 1
6 49 1
6 50 1
6 40 1
6 28 1
6 16 1
6 20 1
6 26 1
6 43 1
6 32 1
6 22 1
6 66 1
6 51 1
6 9 1
6 14 1
6 64 1
6 15 1
6 13 1
6 36 1
6 47 1
6 34 1
6 21 1
7 14 1
7 8 1
7 47 1
7 68 1
7 41 1
7 64 1
7 18 1
7 23 1
7 69 1
7 13 1
7 62 1
7 58 1
7 15 1
7 31 1
7 56 1
7 39 1
7 50 1
7 19 1
7 24 1
7 22 1
7 35 1
7 60 1
8 36 1
8 15 1
8 56 1
8 11 1
8 59 1
8 50 1
8 18 1
8 16 1
8 26 1
8 25 1
8 43 1
8 52 1
8 19 1
8 39 1
8 69 1
8 24 1
8 63 1
8 37 1
8 28 1
8 53 1
8 20 1
8 61 1
8 48 1
9 60 1
9 22 1
9 33 1
9 58 1
9 13 1
9 23 1
9 67 1
9 25 1
9 69 1
9 29 1
9 52 1
9 57 1
9 27 1
9 20 1
9 19 1
9 51 1
9 44 1
9 48 1
9 55 1
9 16 1
9 30 1
10 48 1
10 53 1
10 14 1
10 56 1
10 32 1
10 29 1
10 65 1
10 46 1
10 55 1
10 59 1
10 24 1
10 64 1
10 26 1
10 15 1
10 12 1
10 23 1
10 63 1
10 62 1
10 20 1
10 37 1
10 66 1
10 31 1
11 44 1
11 27 1
11 14 1
11 46 1
11 30 1
11 42 1
11 48 1
11 56 1
11 33 1
11 50 1
11 62 1
12 24 1
12 44 1
12 48 1
12 31 1
12 27 1
12 43 1
12 61 1
12 50 1
12 47 1
12 66 1
12 15 1
12 29 1
12 46 1
12 54 1
12 49 1
12 19 1
12 16 1
12 57 1
13 46 1
13 34 1
13 43 1
13 37 1
13 44 1
13 40 1
13 52 1
13 48 1
13 61 1
13 15 1
13 20 1
13 28 1
13 35 1
13 67 1
13 41 1
13 22 1
13 58 1
14 44 1
14 51 1
14 42 1
14 58 1
14 50 1
14 59 1
14 29 1
14 64 1
14 34 1
14 45 1
14 24 1
14 57 1
14 69 1
14 21 1
14 41 1
14 31 1
14 61 1
14 17 1
14 66 1
14 20 1
14 35 1
14 54 1
14 26 1
15 28 1
15 50 1
15 22 1
15 40 1
15 54 1
15 21 1
15 23 1
15 20 1
15 36 1
15 66 1
15 37 1
15 58 1
15 39 1
15 68 1
15 29 1
15 32 1
15 63 1
15 18 1
15 49 1
15 51 1
15 56 1
16 30 1
16 55 1
16 42 1
16 21 1
16 39 1
16 51 1
16 40 1
16 59 1
16 32 1
16 48 1
16 56 1
16 18 1
16 27 1
16 47 1
16 64 1
16 52 1
16 29 1
16 49 1
16 68 1
16 23 1
17 47 1
17 18 1
17 37 1
17 44 1
17 38 1
17 43 1
17 49 1
17 19 1
17 61 1
17 68 1
17 27 1
17 55 1
17 39 1
17 33 1
17 24 1
17 35 1
17 51 1
17 59 1
17 30 1
18 67 1
18 47 1
18 22 1
18 53 1
18 51 1
18 49 1
18 36 1
18 63 1
18 27 1
18 65 1
18 60 1
18 34 1
18 56 1
18 46 1
18 37 1
18 24 1
18 35 1
18 33 1
18 39 1
18 23 1
19 49 1
19 41 1
19 67 1
19 60 1
19 20 1
19 51 1
19 52 1
19 26 1
19 56 1
19 23 1
20 37 1
20 46 1
20 40 1
20 68 1
20 58 1
20 42 1
20 36 1
20 44 1
20 22 1
20 25 1
20 28 1
20 32 1
20 41 1
21 44 1
21 37 1
21 36 1
21 53 1
21 28 1
21 32 1
21 38 1
21 59 1
21 48 1
21 27 1
21 25 1
21 33 1
21 41 1
21 58 1
21 69 1
22 47 1
22 59 1
22 45 1
22 68 1
22 55 1
22 64 1
22 49 1
22 48 1
22 54 1
22 30 1
22 25 1
22 56 1
22 44 1
22 57 1
22 63 1
22 61 1
22 46 1
22 62 1
23 44 1
23 48 1
23 58 1
23 49 1
23 55 1
23 66 1
23 61 1
23 68 1
23 64 1
23 38 1
23 36 1
23 51 1
23 46 1
23 60 1
24 68 1
24 38 1
24 64 1
24 44 1
24 48 1
24 57 1
24 28 1
24 69 1
24 52 1
24 40 1
24 30 1
24 49 1
24 63 1
24 45 1
24 25 1
24 59 1
24 66 1
24 35 1
25 53 1
25 69 1
25 28 1
25 68 1
25 62 1
25 57 1
25 30 1
25 40 1
25 34 1
25 31 1
25 51 1
25 32 1
25 55 1
25 61 1
25 67 1
26 48 1
26 59 1
26 55 1
26 32 1
26 43 1
26 62 1
26 57 1
26 56 1
26 69 1
26 36 1
26 51 1
26 31 1
26 28 1
26 68 1
26 61 1
27 44 1
27 66 1
27 35 1
27 57 1
27 32 1
27 29 1
27 64 1
27 43 1
27 38 1
27 28 1
27 34 1
27 60 1
27 56 1
27 55 1
28 47 1
28 49 1
28 62 1
28 39 1
28 36 1
28 59 1
28 29 1
28 68 1
28 41 1
28 32 1
28 60 1
28 64 1
28 63 1
28 58 1
28 44 1
29 54 1
29 30 1
29 56 1
29 52 1
29 61 1
29 66 1
29 58 1
29 59 1
29 43 1
30 47 1
30 31 1
30 50 1
30 65 1
30 62 1
30 42 1
30 67 1
30 68 1
30 38 1
30 37 1
31 61 1
31 45 1
31 35 1
31 43 1
31 46 1
31 69 1
31 37 1
31 59 1
31 53 1
31 40 1
31 60 1
31 47 1
31 44 1
31 39 1
31 65 1
32 60 1
32 68 1
32 39 1
32 51 1
32 65 1
32 58 1
32 45 1
32 34 1
32 41 1
32 35 1
32 42 1
32 43 1
32 63 1
32 49 1
32 50 1
32 37 1
32 66 1
32 54 1
33 35 1
33 39 1
33 56 1
33 50 1
33 45 1
33 59 1
33 46 1
33 69 1
33 63 1
33 68 1
33 47 1
33 44 1
33 60 1
33 61 1
33 38 1
33 49 1
34 66 1
34 64 1
34 56 1
34 52 1
34 63 1
34 54 1
34 59 1
34 49 1
34 43 1
34 62 1
34 40 1
34 67 1
34 65 1
34 47 1
34 42 1
34 50 1
34 45 1
34 39 1
35 61 1
35 51 1
35 57 1
35 42 1
35 62 1
35 44 1
35 50 1
35 54 1
35 46 1
36 45 1
36 49 1
36 66 1
36 62 1
36 48 1
36 44 1
36 65 1
36 37 1
37 64 1
37 54 1
37 50 1
37 43 1
37 48 1
37 39 1
37 63 1
38 63 1
38 69 1
38 64 1
38 56 1
38 47 1
38 66 1
38 55 1
38 44 1
39 52 1
39 42 1
39 41 1
39 61 1
39 45 1
39 54 1
39 53 1
39 67 1
39 44 1
39 69 1
40 41 1
40 44 1
40 45 1
40 46 1
40 42 1
40 56 1
40 64 1
40 54 1
40 52 1
40 68 1
40 59 1
41 64 1
41 55 1
41 69 1
41 61 1
41 44 1
41 45 1
41 52 1
41 59 1
41 60 1
41 62 1
42 52 1
42 68 1
42 58 1
42 50 1
42 44 1
42 60 1
42 59 1
42 47 1
42 46 1
43 49 1
43 57 1
43 61 1
43 58 1
43 56 1
43 65 1
43 52 1
43 50 1
43 45 1
43 66 1
44 59 1
44 62 1
44 46 1
44 52 1
44 69 1
44 47 1
44 57 1
44 61 1
44 56 1
44 48 1
45 53 1
45 61 1
45 64 1
45 56 1
45 57 1
45 67 1
45 68 1
45 60 1
46 47 1
46 57 1
46 68 1
46 64 1
46 67 1
46 69 1
46 51 1
46 48 1
46 63 1
46 53 1
46 60 1
47 59 1
47 64 1
47 55 1
47 51 1
47 48 1
47 69 1
47 53 1
47 65 1
48 51 1
48 59 1
48 65 1
48 67 1
48 52 1
48 56 1
48 64 1
49 55 1
49 58 1
49 60 1
49 61 1
49 54 1
49 63 1
49 68 1
49 62 1
50 51 1
50 55 1
51 55 1
51 59 1
51 58 1
51 68 1
51 66 1
51 64 1
51 61 1
51 69 1
52 56 1
52 55 1
52 61 1
52 54 1
52 60 1
52 67 1
53 60 1
53 62 1
53 54 1
53 58 1
53 67 1
54 64 1
54 68 1
55 69 1
55 58 1
55 60 1
55 62 1
55 59 1
56 60 1
56 67 1
56 63 1
56 57 1
56 66 1
56 65 1
57 59 1
57 60 1
57 63 1
57 69 1
57 61 1
57 64 1
58 61 1
58 63 1
58 68 1
58 60 1
58 64 1
58 66 1
59 67 1
59 61 1
59 60 1
59 65 1
60 66 1
60 67 1
60 68 1
60 65 1
61 66 1
61 64 1
61 65 1
61 67 1
61 63 1
62 65 1
62 66 1
63 64 1
63 69 1
63 65 1
64 67 1
64 65 1
65 67 1
66 69 1
66 67 1
66 68 1
