70
0 32 1
0 29 1
0 54 1
0 7 1
0 41 1
0 30 1
0 33 1
0 14 1
0 37 1
0 51 1
0 39 1
0 66 1
0 52 1
0 48 1
0 12 1
0 18 1
0 55 1
0 59 1
0 57 1
0 5 1
0 21 1
0 9 1
0 67 1
0 23 1
0 3 1
0 49 1
1 43 1
1 46 1
1 7 1
1 65 1
1 30 1
1 37 1
1 60 1
1 54 1
1 39 1
1 27 1
1 5 1
1 38 1
1 22 1
1 50 1
1 18 1
1 57 1
1 64 1
1 67 1
1 44 1
1 61 1
1 16 1
1 58 1
1 36 1
1 33 1
1 45 1
1 29 1
1 56 1
1 49 1
2 43 1
2 53 1
2 12 1
2 28 1
2 7 1
2 32 1
2 44 1
2 25 1
2 26 1
2 47 1
2 60 1
2 39 1
2 62 1
2 50 1
2 67 1
2 30 1
2 59 1
2 66 1
2 38 1
2 4 1
2 40 1
2 8 1
2 46 1
2 63 1
2 57 1
2 29 1
2 51 1
2 48 1
2 16 1
2 15 1
3 27 1
3 60 1
3 68 1
3 44 1
3 49 1
3 7 1
3 54 1
3 66 1
3 4 1
3 30 1
3 31 1
3 45 1
3 63 1
3 5 1
3 33 1
3 55 1
3 13 1
3 9 1
3 64 1
3 26 1
3 61 1
3 41 1
3 40 1
3 6 1
3 47 1
3 37 1
3 14 1
3 59 1
4 14 1
4 52 1
4 48 1
4 7 1
4 36 1
4 41 1
4 5 1
4 57 1
4 38 1
4 28 1
4 62 1
4 22 1
4 55 1
4 18 1
4 19 1
4 13 1
4 29 1
4 69 1
4 20 1
4 40 1
4 15 1
4 32 1
4 21 1
4 25 1
4 30 1
4 53 1
4 12 1
4 61 1
5 11 1
5 23 1
5 38 1
5 64 1
5 16 1
5 28 1
5 58 1
5 19 1
5 40 1
5 66 1
5 37 1
5 15 1
5 68 1
5 9 1
5 10 1
5 42 1
5 32 1
5 51 1
6 45 1
6 24 1
6 63 1
6 22 1
6 50 1
6 57 1
6 58 1
6 60 1
6 66 1
6 21 1
6 48 1
6 26 1
6 18 1
6 37 1
6 54 1
6 61 1
6 9 1
6 36 1
6 65 1
6 43 1
6 23 1
6 69 1
6 49 1
6 19 1
6 38 1
7 16 1
7 24 1
7 57 1
7 26 1
7 52 1
7 45 1
7 47 1
7 46 1
7 28 1
7 54 1
7 18 1
7 27 1
7 40 1
7 44 1
7 66 1
7 25 1
7 55 1
7 11 1
7 64 1
7 53 1
7 63 1
7 69 1
7 8 1
8 48 1
8 45 1
8 38 1
8 28 1
8 20 1
8 41 1
8 25 1
8 24 1
8 62 1
8 37 1
8 36 1
8 17 1
8 12 1
8 44 1
8 68 1
8 27 1
8 57 1
8 34 1
8 22 1
8 61 1
9 49 1
9 35 1
9 42 1
9 50 1
9 21 1
9 22 1
9 14 1
9 39 1
9 44 1
9 66 1
9 26 1
9 54 1
9 19 1
9 17 1
9 27 1
9 33 1
9 34 1
9 62 1
9 48 1
10 60 1
10 54 1
10 32 1
10 49 1
10 46 1
10 40 1
10 62 1
10 57 1
10 43 1
10 27 1
10 25 1
10 56 1
10 58 1
10 51 1
10 48 1
10 15 1
10 24 1
10 61 1
10 31 1
10 50 1
10 64 1
10 41 1
10 19 1
11 23 1
11 22 1
11 59 1
11 60 1
11 30 1
11 40 1
11 47 1
11 39 1
11 41 1
11 18 1
11 24 1
11 28 1
11 19 1
11 17 1
11 48 1
11 25 1
11 44 1
11 63 1
11 13 1
11 16 1
11 68 1
12 28 1
12 24 1
12 32 1
12 58 1
12 25 1
12 30 1
12 38 1
12 20 1
12 53 1
12 66 1
12 39 1
12 19 1
12 22 1
12 15 1
12 36 1
12 60 1
12 48 1
12 44 1
12 41 1
12 16 1
13 61 1
13 38 1
13 63 1
13 52 1
13 57 1
13 65 1
13 40 1
13 53 1
13 37 1
13 42 1
13 60 1
13 25 1
13 50 1
13 39 1
13 31 1
13 69 1
13 58 1
13 17 1
13 64 1
14 29 1
14 47 1
14 50 1
14 44 1
14 67 1
14 18 1
14 58 1
14 59 1
14 52 1
14 45 1
14 53 1
14 56 1
14 43 1
14 19 1
14 46 1
14 37 1
14 32 1
15 61 1
15 23 1
15 44 1
15 43 1
15 41 1
15 50 1
15 20 1
15 21 1
15 24 1
15 22 1
15 69 1
15 46 1
15 53 1
15 47 1
15 37 1
15 28 1
15 55 1
15 25 1
15 54 1
15 59 1
16 49 1
16 68 1
16 34 1
16 29 1
16 33 1
16 45 1
16 66 1
16 19 1
16 57 1
16 35 1
16 44 1
16 21 1
16 65 1
17 25 1
17 41 1
17 50 1
17 31 1
17 24 1
17 66 1
17 28 1
17 44 1
17 46 1
17 55 1
17 68 1
17 37 1
17 33 1
17 59 1
17 43 1
17 57 1
17 65 1
17 38 1
17 62 1
18 41 1
18 64 1
18 51 1
18 29 1
18 23 1
18 57 1
18 40 1
18 68 1
18 19 1
18 60 1
18 45 1
18 30 1
18 39 1
18 58 1
18 54 1
18 46 1
18 62 1
18 34 1
18 35 1
18 67 1
19 45 1
19 60 1
19 62 1
19 51 1
19 38 1
19 34 1
19 36 1
19 67 1
19 52 1
19 57 1
19 21 1
19 30 1
19 33 1
19 50 1
19 56 1
19 58 1
20 44 1
20 46 1
20 60 1
20 26 1
20 50 1
20 64 1
20 27 1
20 51 1
20 69 1
20 33 1
20 29 1
20 48 1
20 34 1
20 25 1
20 57 1
20 53 1
20 21 1
20 31 1
21 40 1
21 32 1
21 65 1
21 35 1
21 24 1
21 57 1
21 68 1
21 38 1
21 22 1
21 25 1
21 58 1
21 23 1
21 52 1
21 39 1
21 28 1
22 61 1
22 43 1
22 52 1
22 24 1
22 62 1
22 67 1
22 30 1
22 59 1
22 53 1
22 44 1
22 27 1
22 49 1
22 23 1
23 65 1
23 36 1
23 27 1
23 63 1
23 62 1
23 48 1
23 52 1
23 31 1
23 60 1
23 33 1
23 64 1
23 47 1
23 44 1
23 56 1
24 49 1
24 47 1
24 28 1
24 42 1
24 65 1
24 29 1
24 45 1
24 44 1
24 59 1
24 64 1
24 57 1
24 34 1
24 40 1
25 43 1
25 66 1
25 68 1
25 34 1
25 61 1
25 49 1
25 52 1
25 51 1
25 36 1
25 45 1
25 67 1
25 60 1
25 27 1
26 50 1
26 69 1
26 29 1
26 61 1
26 38 1
26 27 1
26 62 1
26 33 1
26 52 1
26 31 1
26 68 1
26 66 1
26 30 1
26 42 1
27 31 1
27 41 1
27 60 1
27 29 1
27 56 1
27 49 1
27 61 1
27 51 1
27 35 1
27 45 1
27 52 1
27 43 1
27 63 1
27 33 1
27 40 1
27 58 1
28 53 1
28 39 1
28 31 1
28 41 1
28 46 1
28 42 1
28 48 1
28 54 1
28 38 1
28 43 1
28 66 1
28 62 1
28 35 1
28 67 1
28 57 1
29 35 1
29 52 1
29 64 1
29 58 1
29 50 1
29 66 1
29 60 1
29 63 1
29 68 1
29 57 1
29 40 1
29 48 1
29 47 1
29 53 1
30 53 1
30 35 1
30 59 1
30 47 1
30 64 1
30 67 1
30 66 1
30 58 1
30 60 1
30 63 1
30 42 1
30 33 1
30 43 1
30 32 1
30 62 1
30 61 1
30 56 1
30 44 1
30 49 1
31 62 1
31 41 1
31 44 1
31 56 1
31 42 1
31 36 1
31 68 1
31 33 1
31 37 1
31 59 1
31 64 1
32 50 1
32 55 1
32 33 1
32 49 1
32 58 1
32 63 1
32 35 1
32 43 1
32 40 1
32 68 1
32 60 1
32 62 1
32 37 1
32 39 1
33 67 1
33 66 1
33 37 1
33 62 1
33 52 1
33 44 1
33 40 1
33 35 1
33 49 1
33 57 1
33 47 1
33 63 1
33 55 1
33 61 1
34 59 1
34 60 1
34 69 1
34 48 1
34 64 1
34 41 1
34 68 1
34 55 1
34 42 1
34 36 1
34 61 1
35 38 1
35 51 1
35 40 1
35 56 1
35 62 1
35 55 1
35 60 1
35 63 1
35 46 1
35 37 1
35 47 1
35 59 1
35 58 1
36 46 1
36 48 1
36 40 1
36 67 1
36 52 1
36 61 1
36 42 1
36 64 1
36 51 1
37 46 1
37 59 1
37 40 1
37 47 1
37 61 1
37 68 1
37 52 1
37 54 1
37 56 1
38 49 1
38 60 1
38 64 1
38 55 1
38 40 1
38 65 1
38 66 1
38 61 1
38 39 1
38 50 1
38 47 1
39 65 1
39 67 1
39 41 1
39 49 1
39 56 1
39 45 1
39 61 1
39 55 1
39 52 1
39 63 1
40 58 1
40 59 1
40 42 1
40 62 1
40 50 1
40 43 1
40 56 1
40 48 1
40 66 1
40 60 1
40 65 1
40 51 1
40 69 1
41 63 1
41 42 1
41 43 1
41 60 1
41 68 1
41 50 1
41 48 1
41 65 1
41 59 1
41 53 1
42 55 1
42 49 1
42 65 1
42 66 1
42 48 1
42 43 1
42 45 1
42 69 1
42 57 1
43 50 1
43 65 1
43 60 1
43 48 1
43 51 1
43 59 1
43 53 1
43 47 1
43 69 1
43 46 1
43 49 1
43 45 1
44 57 1
44 65 1
44 47 1
44 69 1
44 59 1
44 63 1
45 66 1
45 54 1
45 57 1
45 46 1
45 59 1
45 60 1
45 49 1
46 52 1
46 66 1
46 65 1
46 55 1
46 53 1
46 68 1
46 60 1
46 69 1
46 48 1
47 60 1
47 52 1
47 69 1
47 51 1
47 55 1
47 66 1
47 62 1
48 58 1
48 67 1
48 66 1
48 59 1
48 57 1
48 56 1
48 62 1
48 65 1
49 51 1
49 65 1
49 67 1
49 64 1
49 52 1
49 69 1
49 61 1
50 55 1
50 56 1
50 61 1
50 51 1
50 63 1
50 69 1
50 67 1
50 53 1
50 64 1
51 60 1
51 65 1
51 55 1
51 63 1
51 56 1
52 66 1
52 58 1
52 54 1
52 57 1
52 62 1
53 56 1
53 54 1
53 67 1
53 69 1
54 62 1
54 61 1
54 65 1
54 64 1
55 56 1
55 67 1
55 69 1
55 62 1
55 66 1
55 64 1
56 69 1
56 64 1
56 66 1
56 63 1
57 60 1
57 63 1
57 62 1
57 64 1
58 62 1
59 66 1
59 60 1
59 64 1
59 62 1
60 67 1
60 66 1
60 65 1
61 62 1
61 63 1
62 66 1
62 68 1
62 64 1
62 65 1
64 69 1
64 67 1
66 69 1
