70
0 45 1
0 24 1
0 59 1
0 3 1
0 58 1
0 7 1
0 61 1
0 66 1
0 21 1
0 44 1
0 49 1
0 34 1
0 28 1
0 36 1
0 53 1
0 23 1
0 56 1
0 9 1
0 46 1
0 41 1
0 63 1
0 11 1
1 40 1
1 27 1
1 39 1
1 24 1
1 56 1
1 31 1
1 28 1
1 16 1
1 38 1
1 50 1
1 68 1
1 42 1
1 7 1
1 8 1
1 43 1
1 22 1
1 18 1
1 26 1
1 17 1
1 37 1
1 53 1
1 12 1
1 44 1
1 6 1
1 45 1
1 51 1
1 66 1
1 69 1
1 32 1
2 28 1
2 16 1
2 38 1
2 3 1
2 19 1
2 46 1
2 6 1
2 25 1
2 63 1
2 67 1
2 26 1
2 35 1
2 27 1
2 56 1
2 54 1
2 15 1
2 18 1
2 66 1
2 58 1
2 9 1
2 24 1
2 42 1
2 36 1
2 49 1
2 45 1
3 14 1
3 38 1
3 15 1
3 40 1
3 7 1
3 16 1
3 12 1
3 57 1
3 34 1
3 47 1
3 30 1
3 69 1
3 21 1
3 6 1
3 60 1
3 63 1
3 42 1
3 61 1
3 39 1
3 37 1
3 29 1
3 28 1
4 11 1
4 47 1
4 12 1
4 6 1
4 5 1
4 9 1
4 44 1
4 65 1
4 15 1
4 7 1
4 36 1
4 40 1
4 64 1
4 18 1
4 49 1
4 66 1
4 31 1
4 53 1
4 8 1
4 41 1
4 48 1
4 67 1
5 65 1
5 37 1
5 54 1
5 27 1
5 47 1
5 15 1
5 18 1
5 9 1
5 43 1
5 38 1
5 48 1
5 49 1
5 53 1
5 60 1
5 24 1
5 56 1
5 8 1
5 40 1
5 50 1
5 55 1
5 46 1
6 10 1
6 27 1
6 47 1
6 50 1
6 14 1
6 34 1
6 19 1
6 56 1
6 49 1
6 45 1
6 53 1
6 66 1
6 60 1
7 55 1
7 19 1
7 32 1
7 34 1
7 43 1
7 20 1
7 23 1
7 29 1
7 47 1
7 12 1
7 33 1
7 37 1
7 52 1
7 9 1
7 30 1
7 51 1
7 16 1
7 10 1
7 49 1
8 16 1
8 11 1
8 26 1
8 35 1
8 61 1
8 58 1
8 40 1
8 56 1
8 63 1
8 10 1
8 43 1
8 34 1
8 41 1
8 29 1
8 42 1
8 32 1
8 57 1
8 30 1
8 22 1
8 39 1
9 54 1
9 24 1
9 47 1
9 62 1
9 38 1
9 60 1
9 57 1
9 50 1
9 30 1
9 59 1
9 14 1
9 28 1
9 18 1
9 52 1
9 34 1
9 42 1
9 64 1
9 25 1
9 26 1
9 44 1
9 55 1
9 17 1
9 39 1
9 53 1
10 36 1
10 21 1
10 50 1
10 31 1
10 62 1
10 28 1
10 39 1
10 69 1
10 53 1
10 54 1
10 24 1
10 17 1
10 30 1
10 66 1
10 38 1
10 44 1
10 11 1
10 49 1
10 35 1
10 68 1
10 13 1
10 22 1
10 18 1
10 37 1
10 33 1
11 20 1
11 26 1
11 66 1
11 65 1
11 47 1
11 51 1
11 55 1
11 58 1
11 36 1
11 48 1
11 60 1
11 31 1
11 13 1
11 61 1
11 17 1
11 33 1
11 29 1
11 24 1
11 64 1
11 45 1
11 30 1
12 24 1
12 41 1
12 66 1
12 13 1
12 40 1
12 30 1
12 53 1
12 21 1
12 20 1
12 48 1
12 44 1
12 57 1
12 33 1
12 37 1
12 23 1
12 61 1
12 16 1
12 38 1
12 32 1
13 21 1
13 35 1
13 60 1
13 17 1
13 38 1
13 32 1
13 56 1
13 15 1
13 40 1
13 51 1
13 27 1
13 14 1
13 63 1
13 41 1
13 52 1
13 53 1
13 43 1
14 22 1
14 52 1
14 47 1
14 60 1
14 45 1
14 26 1
14 59 1
14 43 1
14 53 1
14 27 1
14 68 1
14 29 1
14 42 1
14 23 1
14 49 1
14 36 1
14 16 1
14 50 1
14 17 1
14 54 1
14 18 1
14 35 1
15 44 1
15 68 1
15 60 1
15 17 1
15 22 1
15 52 1
15 35 1
15 27 1
15 51 1
15 49 1
15 37 1
15 45 1
15 21 1
15 58 1
15 53 1
15 57 1
15 28 1
15 40 1
16 22 1
16 66 1
16 37 1
16 26 1
16 60 1
16 40 1
16 56 1
16 19 1
16 35 1
16 44 1
16 55 1
16 17 1
16 32 1
16 23 1
16 38 1
17 19 1
17 37 1
17 45 1
17 67 1
17 65 1
17 62 1
17 31 1
17 60 1
17 64 1
17 27 1
17 44 1
17 35 1
17 53 1
18 50 1
18 49 1
18 32 1
18 40 1
18 34 1
18 36 1
18 51 1
18 29 1
18 28 1
18 35 1
18 37 1
18 48 1
18 43 1
18 65 1
18 59 1
18 62 1
18 33 1
18 24 1
18 26 1
18 46 1
18 68 1
18 60 1
18 64 1
18 38 1
18 55 1
18 44 1
19 49 1
19 27 1
19 55 1
19 21 1
19 28 1
19 47 1
19 44 1
19 39 1
19 65 1
19 42 1
19 36 1
19 51 1
19 57 1
19 46 1
19 68 1
19 29 1
19 20 1
19 23 1
19 22 1
19 67 1
19 30 1
19 37 1
19 24 1
20 46 1
20 51 1
20 32 1
20 69 1
20 37 1
20 29 1
20 61 1
20 28 1
20 59 1
20 39 1
20 22 1
20 27 1
20 35 1
20 52 1
21 57 1
21 64 1
21 56 1
21 52 1
21 31 1
21 39 1
21 55 1
21 25 1
22 38 1
22 46 1
22 23 1
22 41 1
22 54 1
22 61 1
22 30 1
22 34 1
22 40 1
22 44 1
22 24 1
22 60 1
22 42 1
22 57 1
22 49 1
22 39 1
22 33 1
22 62 1
23 41 1
23 49 1
23 37 1
23 59 1
23 64 1
23 46 1
23 65 1
23 40 1
23 68 1
23 43 1
23 62 1
23 29 1
23 63 1
23 33 1
23 57 1
23 48 1
23 31 1
23 30 1
23 58 1
23 28 1
24 58 1
24 69 1
24 56 1
24 36 1
24 39 1
24 25 1
24 62 1
24 53 1
24 54 1
24 68 1
24 66 1
24 50 1
25 52 1
25 48 1
25 59 1
25 54 1
25 45 1
25 67 1
25 60 1
25 69 1
25 30 1
25 47 1
25 43 1
25 44 1
25 64 1
25 29 1
25 53 1
25 50 1
25 46 1
25 36 1
25 56 1
26 41 1
26 47 1
26 31 1
26 52 1
26 69 1
26 34 1
26 35 1
26 40 1
26 32 1
26 30 1
26 49 1
26 33 1
26 36 1
27 67 1
27 61 1
27 30 1
27 66 1
27 38 1
27 63 1
27 31 1
27 51 1
27 29 1
27 41 1
27 39 1
27 35 1
27 34 1
28 50 1
28 36 1
28 57 1
28 33 1
28 32 1
28 52 1
28 62 1
28 60 1
28 45 1
28 56 1
28 68 1
28 43 1
28 29 1
29 48 1
29 41 1
29 67 1
29 64 1
29 30 1
29 60 1
29 69 1
29 42 1
29 68 1
29 38 1
29 44 1
29 62 1
29 32 1
29 52 1
29 45 1
29 54 1
29 31 1
29 35 1
30 42 1
30 47 1
30 57 1
30 51 1
30 50 1
30 38 1
30 62 1
30 56 1
30 45 1
30 58 1
30 65 1
30 52 1
30 54 1
30 67 1
30 37 1
30 46 1
31 45 1
31 52 1
31 59 1
31 35 1
31 39 1
31 37 1
31 34 1
31 60 1
31 56 1
31 44 1
31 51 1
31 41 1
31 65 1
31 48 1
31 40 1
32 42 1
32 34 1
32 35 1
32 53 1
32 47 1
32 61 1
32 44 1
32 64 1
32 51 1
32 68 1
32 33 1
32 46 1
32 66 1
33 64 1
33 46 1
33 35 1
33 44 1
33 36 1
33 65 1
33 40 1
33 49 1
33 48 1
33 57 1
33 63 1
33 50 1
33 67 1
33 37 1
34 42 1
34 35 1
34 45 1
34 37 1
34 58 1
34 49 1
34 50 1
34 65 1
34 60 1
34 53 1
34 47 1
34 39 1
34 59 1
34 38 1
35 54 1
35 48 1
35 59 1
35 69 1
35 53 1
35 61 1
35 56 1
35 60 1
35 37 1
35 46 1
35 45 1
35 65 1
36 68 1
36 58 1
36 55 1
36 66 1
36 40 1
36 37 1
36 63 1
36 62 1
36 42 1
36 49 1
36 50 1
36 47 1
36 60 1
37 68 1
37 67 1
37 46 1
37 40 1
37 54 1
37 42 1
37 53 1
37 50 1
37 38 1
38 44 1
38 65 1
38 40 1
38 64 1
38 62 1
38 59 1
38 52 1
38 69 1
38 49 1
38 60 1
39 50 1
39 61 1
39 58 1
39 68 1
39 69 1
39 42 1
39 46 1
39 40 1
39 57 1
39 60 1
40 48 1
40 46 1
40 42 1
40 64 1
40 67 1
40 56 1
40 44 1
40 59 1
40 51 1
41 43 1
41 45 1
41 60 1
41 56 1
41 50 1
41 53 1
41 67 1
42 50 1
42 64 1
42 69 1
42 49 1
42 54 1
42 67 1
42 66 1
42 43 1
42 48 1
42 52 1
43 50 1
43 57 1
43 56 1
43 48 1
43 45 1
43 44 1
43 49 1
43 61 1
43 54 1
43 63 1
43 67 1
44 69 1
44 67 1
44 59 1
44 63 1
44 65 1
44 53 1
44 58 1
44 61 1
44 51 1
44 55 1
44 52 1
44 66 1
45 56 1
45 60 1
45 47 1
45 46 1
45 53 1
45 62 1
45 67 1
45 61 1
45 63 1
46 47 1
46 48 1
46 63 1
46 54 1
46 50 1
47 64 1
47 59 1
47 63 1
47 69 1
47 58 1
47 62 1
47 49 1
47 51 1
47 61 1
47 66 1
47 57 1
47 53 1
47 55 1
47 56 1
48 66 1
48 69 1
48 53 1
48 56 1
48 59 1
48 63 1
48 57 1
48 49 1
48 65 1
49 50 1
49 61 1
49 51 1
49 69 1
49 58 1
49 68 1
50 56 1
50 58 1
50 57 1
50 54 1
50 63 1
50 52 1
50 64 1
51 62 1
51 63 1
51 53 1
51 58 1
51 67 1
51 56 1
52 63 1
52 60 1
52 68 1
52 54 1
52 57 1
52 56 1
52 69 1
53 67 1
53 54 1
54 66 1
54 55 1
54 58 1
54 61 1
54 67 1
54 64 1
55 68 1
55 59 1
55 65 1
55 58 1
55 63 1
55 64 1
56 62 1
57 67 1
57 62 1
57 66 1
58 60 1
58 68 1
58 69 1
58 62 1
58 61 1
60 61 1
60 64 1
60 68 1
61 68 1
61 69 1
61 66 1
61 67 1
62 63 1
62 68 1
62 64 1
62 66 1
63 68 1
63 65 1
63 66 1
64 69 1
64 66 1
64 65 1
65 69 1
66 67 1
67 69 1
