70
0 28 1
0 13 1
0 32 1
0 43 1
0 14 1
0 35 1
0 47 1
0 38 1
0 39 1
0 69 1
0 20 1
0 46 1
0 25 1
0 51 1
0 52 1
0 6 1
0 36 1
0 8 1
0 63 1
0 31 1
0 33 1
0 61 1
0 27 1
0 65 1
0 42 1
0 57 1
0 29 1
0 54 1
0 4 1
1 52 1
1 39 1
1 56 1
1 49 1
1 5 1
1 33 1
1 7 1
1 3 1
1 58 1
1 55 1
1 10 1
2 64 1
2 62 1
2 3 1
2 21 1
2 11 1
2 46 1
2 66 1
2 69 1
2 38 1
2 27 1
2 10 1
2 29 1
2 54 1
2 40 1
2 65 1
2 63 1
2 57 1
2 6 1
2 39 1
2 20 1
2 25 1
2 24 1
2 37 1
2 49 1
2 50 1
2 48 1
2 33 1
2 28 1
2 30 1
3 55 1
3 62 1
3 31 1
3 68 1
3 63 1
3 8 1
3 38 1
3 36 1
3 28 1
3 18 1
3 48 1
3 41 1
3 14 1
3 66 1
3 51 1
3 25 1
3 4 1
3 34 1
3 5 1
3 17 1
3 69 1
3 50 1
4 42 1
4 27 1
4 56 1
4 28 1
4 45 1
4 43 1
4 54 1
4 25 1
4 67 1
4 53 1
4 36 1
4 60 1
4 63 1
4 22 1
4 40 1
4 11 1
4 17 1
4 26 1
4 30 1
4 39 1
4 19 1
4 16 1
4 66 1
4 68 1
4 55 1
5 11 1
5 16 1
5 14 1
5 17 1
5 39 1
5 45 1
5 47 1
5 12 1
5 56 1
5 15 1
5 18 1
5 62 1
5 35 1
5 42 1
5 29 1
5 63 1
5 57 1
5 37 1
5 21 1
5 43 1
5 34 1
6 33 1
6 66 1
6 27 1
6 13 1
6 32 1
6 44 1
6 40 1
6 55 1
6 9 1
6 63 1
6 22 1
6 48 1
6 59 1
6 38 1
6 28 1
6 18 1
6 19 1
6 16 1
6 36 1
6 23 1
6 56 1
6 69 1
6 8 1
7 38 1
7 51 1
7 16 1
7 26 1
7 63 1
7 11 1
7 39 1
7 60 1
7 48 1
7 45 1
7 49 1
7 41 1
7 67 1
7 12 1
7 59 1
7 46 1
7 24 1
7 64 1
7 19 1
7 65 1
7 33 1
8 26 1
8 49 1
8 19 1
8 24 1
8 43 1
8 66 1
8 16 1
8 61 1
8 46 1
8 54 1
8 48 1
8 44 1
8 31 1
8 56 1
8 47 1
8 50 1
8 35 1
8 69 1
8 45 1
8 27 1
8 62 1
8 59 1
9 35 1
9 18 1
9 13 1
9 65 1
9 62 1
9 31 1
9 66 1
9 61 1
9 52 1
9 20 1
9 60 1
9 41 1
9 39 1
9 44 1
9 29 1
9 40 1
9 69 1
9 30 1
9 38 1
9 46 1
9 54 1
9 42 1
9 14 1
10 35 1
10 46 1
10 51 1
10 21 1
10 34 1
10 60 1
10 14 1
10 57 1
10 20 1
10 36 1
10 31 1
10 52 1
10 27 1
10 55 1
10 19 1
10 47 1
10 41 1
10 22 1
10 13 1
11 39 1
11 51 1
11 40 1
11 55 1
11 69 1
11 43 1
11 67 1
11 58 1
11 34 1
11 44 1
11 18 1
11 47 1
11 23 1
11 38 1
11 64 1
11 27 1
11 53 1
12 49 1
12 13 1
12 53 1
12 26 1
12 29 1
12 51 1
12 15 1
12 32 1
12 47 1
12 37 1
12 48 1
12 23 1
12 21 1
12 60 1
12 30 1
12 46 1
12 61 1
12 38 1
12 18 1
12 57 1
12 41 1
12 14 1
12 39 1
12 67 1
12 56 1
13 56 1
13 68 1
13 32 1
13 44 1
13 40 1
13 49 1
13 27 1
13 58 1
13 26 1
13 39 1
13 38 1
13 51 1
13 48 1
13 15 1
13 37 1
13 31 1
13 18 1
13 43 1
13 20 1
14 61 1
14 44 1
14 18 1
14 48 1
14 51 1
14 33 1
14 63 1
14 64 1
14 68 1
14 21 1
14 55 1
14 46 1
14 58 1
14 60 1
14 24 1
14 43 1
14 66 1
14 29 1
14 36 1
14 65 1
14 37 1
14 39 1
15 46 1
15 23 1
15 43 1
15 31 1
15 16 1
15 57 1
15 53 1
15 56 1
15 60 1
15 45 1
15 52 1
15 22 1
15 41 1
15 66 1
15 29 1
15 27 1
15 48 1
15 36 1
15 59 1
15 35 1
15 69 1
15 42 1
16 21 1
16 27 1
16 57 1
16 22 1
16 51 1
16 28 1
16 62 1
16 66 1
16 23 1
16 63 1
16 17 1
16 39 1
16 52 1
16 53 1
16 58 1
16 34 1
16 41 1
16 45 1
16 29 1
17 47 1
17 28 1
17 43 1
17 26 1
17 41 1
17 58 1
17 52 1
17 31 1
17 25 1
17 29 1
17 68 1
17 38 1
17 35 1
17 27 1
17 33 1
18 53 1
18 28 1
18 26 1
18 41 1
18 66 1
18 56 1
18 48 1
18 42 1
18 61 1
18 51 1
18 22 1
18 30 1
18 43 1
18 38 1
18 46 1
18 60 1
18 63 1
18 29 1
18 40 1
18 23 1
19 52 1
19 27 1
19 29 1
19 63 1
19 50 1
19 61 1
19 68 1
19 37 1
19 49 1
19 23 1
19 38 1
19 51 1
19 42 1
20 40 1
20 44 1
20 56 1
20 39 1
20 34 1
20 60 1
20 67 1
20 28 1
20 62 1
20 59 1
20 63 1
20 50 1
20 43 1
20 45 1
20 54 1
21 22 1
21 69 1
21 67 1
21 57 1
21 49 1
21 28 1
21 31 1
21 32 1
21 41 1
21 24 1
21 64 1
21 45 1
21 34 1
21 30 1
21 33 1
21 44 1
21 37 1
21 61 1
22 28 1
22 63 1
22 65 1
22 36 1
22 26 1
22 41 1
22 48 1
22 32 1
22 38 1
22 49 1
22 30 1
23 48 1
23 65 1
23 56 1
23 37 1
23 25 1
23 33 1
23 36 1
23 43 1
23 54 1
23 42 1
23 31 1
23 45 1
23 55 1
23 58 1
24 68 1
24 40 1
24 60 1
24 33 1
24 36 1
24 41 1
24 69 1
24 29 1
24 65 1
24 66 1
24 37 1
25 45 1
25 27 1
25 43 1
25 48 1
25 31 1
25 37 1
25 33 1
25 64 1
25 60 1
25 49 1
25 52 1
25 67 1
25 57 1
25 54 1
25 41 1
25 61 1
25 63 1
25 42 1
25 40 1
26 30 1
26 42 1
26 54 1
26 55 1
26 45 1
26 63 1
26 47 1
26 36 1
26 53 1
26 57 1
26 37 1
26 59 1
26 32 1
26 64 1
26 67 1
26 60 1
27 67 1
27 48 1
27 29 1
27 31 1
27 64 1
27 60 1
27 56 1
27 61 1
27 62 1
27 41 1
27 33 1
27 40 1
27 52 1
27 63 1
27 54 1
27 39 1
28 62 1
28 41 1
28 44 1
28 65 1
28 33 1
28 42 1
28 60 1
28 35 1
28 64 1
28 51 1
28 39 1
28 46 1
28 43 1
28 61 1
28 36 1
28 29 1
28 63 1
29 30 1
29 66 1
29 52 1
29 59 1
29 37 1
29 43 1
29 68 1
29 54 1
29 45 1
29 39 1
29 50 1
29 58 1
29 63 1
29 48 1
29 42 1
29 55 1
29 69 1
29 31 1
29 60 1
29 49 1
30 32 1
30 69 1
30 51 1
30 63 1
30 65 1
30 60 1
30 42 1
30 34 1
30 52 1
30 66 1
30 55 1
30 50 1
30 41 1
30 47 1
31 33 1
31 56 1
31 38 1
31 36 1
31 67 1
31 69 1
31 68 1
31 58 1
31 55 1
31 34 1
31 39 1
31 35 1
31 52 1
31 51 1
31 50 1
31 44 1
31 48 1
32 40 1
32 67 1
32 69 1
32 66 1
32 45 1
32 59 1
32 38 1
32 54 1
32 46 1
32 65 1
32 42 1
32 33 1
33 61 1
33 59 1
33 36 1
33 68 1
33 69 1
33 62 1
33 41 1
33 45 1
34 45 1
34 65 1
34 57 1
34 62 1
34 48 1
34 59 1
34 50 1
34 35 1
34 52 1
34 39 1
35 36 1
35 62 1
35 49 1
35 65 1
35 40 1
35 53 1
35 59 1
35 45 1
35 60 1
35 66 1
35 56 1
35 47 1
35 39 1
36 52 1
36 61 1
36 41 1
36 46 1
36 69 1
36 43 1
36 40 1
36 68 1
36 56 1
37 38 1
37 61 1
37 58 1
37 50 1
37 41 1
37 56 1
37 57 1
37 63 1
37 43 1
37 62 1
37 54 1
37 52 1
37 66 1
38 50 1
38 65 1
38 58 1
38 62 1
38 48 1
38 57 1
38 39 1
38 51 1
38 42 1
38 55 1
39 60 1
39 50 1
39 47 1
39 62 1
39 55 1
39 57 1
39 61 1
39 48 1
39 45 1
39 53 1
39 63 1
40 48 1
40 54 1
40 67 1
40 42 1
40 47 1
40 69 1
40 56 1
40 49 1
40 65 1
40 62 1
40 63 1
40 43 1
41 68 1
41 55 1
41 60 1
41 45 1
41 44 1
41 61 1
41 42 1
41 43 1
42 66 1
42 58 1
42 61 1
42 63 1
42 44 1
42 45 1
42 50 1
42 52 1
42 65 1
42 62 1
42 43 1
43 44 1
43 59 1
43 60 1
43 48 1
43 56 1
43 58 1
43 62 1
43 51 1
44 48 1
44 62 1
44 47 1
44 63 1
44 54 1
44 68 1
44 55 1
44 56 1
45 64 1
45 54 1
45 53 1
45 51 1
45 55 1
45 57 1
45 48 1
45 59 1
45 65 1
45 68 1
45 66 1
46 61 1
46 47 1
46 56 1
46 52 1
46 51 1
46 55 1
47 60 1
47 55 1
47 67 1
47 61 1
47 48 1
48 51 1
48 64 1
48 58 1
48 59 1
48 63 1
48 62 1
48 65 1
48 55 1
49 52 1
49 65 1
49 63 1
49 68 1
49 69 1
49 54 1
49 53 1
49 66 1
49 62 1
49 57 1
50 57 1
50 67 1
50 54 1
50 61 1
50 51 1
50 63 1
50 64 1
51 63 1
51 69 1
51 68 1
51 56 1
51 67 1
51 54 1
51 52 1
51 57 1
51 65 1
52 66 1
52 56 1
52 57 1
52 62 1
52 68 1
52 54 1
53 67 1
53 68 1
53 59 1
53 61 1
54 61 1
54 68 1
54 64 1
54 59 1
54 67 1
54 55 1
55 62 1
56 60 1
56 57 1
56 63 1
56 58 1
57 63 1
57 61 1
57 69 1
57 66 1
57 60 1
58 69 1
58 67 1
58 61 1
58 64 1
58 68 1
59 66 1
59 64 1
59 63 1
59 68 1
60 68 1
60 61 1
61 67 1
62 67 1
62 68 1
62 65 1
62 63 1
63 69 1
63 67 1
63 65 1
64 67 1
65 68 1
65 69 1
66 69 1
67 68 1
67 69 1
