70
0 5 1
0 61 1
0 11 1
0 12 1
0 39 1
0 16 1
0 55 1
0 47 1
0 32 1
0 35 1
0 17 1
0 40 1
0 22 1
0 4 1
0 18 1
0 69 1
0 6 1
0 24 1
0 3 1
0 41 1
0 56 1
1 56 1
1 59 1
1 7 1
1 67 1
1 64 1
1 44 1
1 54 1
1 51 1
1 58 1
1 13 1
1 25 1
1 26 1
1 29 1
1 45 1
1 48 1
1 65 1
1 32 1
2 28 1
2 64 1
2 26 1
2 54 1
2 6 1
2 19 1
2 39 1
2 32 1
2 43 1
2 27 1
2 58 1
2 29 1
2 59 1
2 60 1
2 35 1
2 9 1
2 5 1
2 62 1
2 22 1
3 26 1
3 20 1
3 28 1
3 55 1
3 39 1
3 8 1
3 60 1
3 37 1
3 19 1
3 64 1
3 29 1
3 14 1
3 65 1
3 59 1
3 36 1
3 7 1
3 67 1
3 35 1
3 15 1
3 34 1
3 17 1
3 32 1
3 22 1
3 68 1
4 36 1
4 19 1
4 33 1
4 22 1
4 63 1
4 26 1
4 42 1
4 45 1
4 9 1
4 44 1
4 60 1
4 14 1
4 39 1
4 66 1
4 27 1
4 57 1
4 13 1
4 55 1
4 50 1
4 58 1
4 6 1
4 17 1
4 20 1
4 53 1
4 23 1
5 58 1
5 41 1
5 33 1
5 6 1
5 56 1
5 57 1
5 45 1
5 15 1
5 42 1
5 44 1
5 32 1
5 16 1
5 8 1
5 17 1
5 59 1
5 35 1
5 52 1
5 30 1
5 21 1
5 26 1
5 43 1
5 68 1
5 38 1
5 19 1
5 13 1
6 14 1
6 48 1
6 15 1
6 11 1
6 26 1
6 49 1
6 17 1
6 59 1
6 68 1
6 7 1
6 12 1
6 43 1
6 22 1
6 38 1
6 45 1
6 32 1
6 54 1
6 28 1
6 35 1
6 44 1
6 9 1
7 66 1
7 17 1
7 14 1
7 24 1
7 31 1
7 48 1
7 10 1
7 54 1
7 22 1
7 55 1
7 27 1
7 68 1
7 35 1
7 11 1
7 30 1
7 53 1
7 50 1
7 29 1
7 64 1
7 23 1
7 67 1
7 20 1
7 34 1
7 59 1
7 45 1
8 39 1
8 67 1
8 55 1
8 19 1
8 20 1
8 18 1
8 61 1
8 13 1
8 54 1
8 14 1
8 49 1
8 28 1
8 33 1
8 66 1
8 22 1
8 17 1
8 30 1
8 68 1
8 58 1
8 36 1
8 35 1
8 27 1
8 31 1
9 16 1
9 67 1
9 44 1
9 58 1
9 13 1
9 28 1
9 51 1
9 31 1
9 42 1
9 41 1
9 57 1
9 48 1
9 49 1
9 53 1
9 61 1
9 66 1
9 14 1
9 22 1
9 65 1
9 21 1
9 32 1
9 27 1
10 14 1
10 26 1
10 45 1
10 64 1
10 46 1
10 62 1
10 25 1
10 37 1
10 23 1
10 13 1
10 19 1
10 18 1
10 49 1
10 55 1
10 61 1
10 16 1
10 68 1
10 57 1
10 32 1
10 50 1
10 40 1
10 58 1
11 67 1
11 28 1
11 15 1
11 50 1
11 25 1
11 35 1
11 44 1
11 47 1
11 68 1
11 17 1
11 32 1
11 26 1
11 53 1
11 69 1
11 42 1
11 22 1
11 59 1
11 52 1
11 54 1
11 62 1
11 19 1
11 40 1
11 29 1
11 64 1
12 50 1
12 23 1
12 51 1
12 68 1
12 25 1
12 19 1
12 17 1
12 18 1
12 41 1
12 69 1
12 59 1
12 31 1
12 38 1
12 22 1
12 63 1
12 66 1
12 13 1
12 30 1
12 15 1
12 34 1
13 56 1
13 15 1
13 24 1
13 68 1
13 18 1
13 28 1
13 51 1
13 46 1
13 33 1
13 23 1
13 30 1
13 39 1
13 26 1
13 47 1
13 27 1
13 22 1
13 44 1
13 35 1
13 29 1
13 67 1
13 32 1
13 54 1
13 37 1
13 36 1
14 62 1
14 38 1
14 56 1
14 52 1
14 42 1
14 28 1
14 36 1
14 39 1
14 48 1
14 25 1
14 15 1
14 37 1
14 43 1
14 50 1
14 17 1
14 18 1
15 37 1
15 60 1
15 62 1
15 64 1
15 50 1
15 53 1
15 65 1
15 33 1
15 19 1
15 38 1
15 44 1
15 47 1
15 42 1
15 30 1
15 41 1
15 26 1
15 36 1
15 54 1
16 69 1
16 41 1
16 29 1
16 42 1
16 48 1
16 35 1
16 32 1
16 47 1
16 63 1
16 51 1
16 39 1
16 62 1
16 21 1
16 26 1
16 33 1
16 44 1
17 49 1
17 36 1
17 59 1
17 21 1
17 24 1
17 31 1
17 66 1
17 64 1
17 26 1
17 60 1
17 28 1
17 25 1
17 33 1
17 18 1
17 47 1
17 57 1
17 42 1
17 50 1
18 56 1
18 40 1
18 57 1
18 37 1
18 69 1
18 58 1
18 25 1
18 22 1
18 63 1
18 50 1
18 41 1
18 33 1
18 55 1
19 62 1
19 32 1
19 51 1
19 66 1
19 31 1
19 67 1
19 27 1
19 24 1
19 39 1
19 64 1
19 59 1
19 40 1
19 28 1
19 44 1
19 58 1
19 30 1
19 48 1
19 52 1
19 47 1
19 29 1
19 25 1
19 45 1
19 68 1
20 55 1
20 37 1
20 50 1
20 28 1
20 67 1
20 47 1
20 51 1
20 66 1
20 58 1
20 53 1
20 26 1
20 40 1
20 27 1
20 24 1
20 25 1
20 35 1
20 30 1
20 62 1
21 59 1
21 62 1
21 48 1
21 43 1
21 46 1
21 22 1
21 55 1
21 34 1
21 44 1
21 58 1
21 33 1
21 69 1
21 41 1
21 68 1
21 50 1
21 66 1
21 25 1
22 35 1
22 59 1
22 57 1
22 68 1
22 40 1
22 65 1
22 52 1
22 49 1
22 54 1
22 63 1
22 66 1
22 69 1
22 46 1
22 44 1
22 41 1
23 31 1
23 60 1
23 47 1
23 66 1
23 32 1
23 38 1
23 51 1
23 50 1
23 57 1
23 63 1
23 62 1
23 35 1
23 69 1
23 56 1
23 44 1
24 32 1
24 53 1
24 62 1
24 49 1
24 64 1
24 43 1
24 29 1
24 57 1
24 48 1
24 25 1
24 50 1
24 58 1
24 60 1
24 65 1
24 59 1
25 34 1
25 29 1
25 63 1
25 46 1
25 60 1
25 31 1
25 45 1
25 56 1
25 43 1
25 64 1
25 52 1
25 49 1
26 41 1
26 58 1
26 42 1
26 50 1
26 48 1
26 66 1
26 52 1
26 36 1
26 61 1
26 63 1
26 31 1
26 47 1
26 34 1
26 62 1
26 53 1
26 35 1
26 68 1
26 60 1
26 43 1
27 62 1
27 57 1
27 45 1
27 63 1
27 53 1
27 41 1
27 33 1
27 32 1
27 30 1
27 65 1
27 48 1
27 55 1
27 64 1
27 39 1
27 68 1
27 46 1
28 30 1
28 69 1
28 42 1
28 34 1
28 52 1
28 32 1
28 67 1
28 55 1
28 66 1
28 41 1
28 45 1
28 44 1
28 63 1
28 47 1
28 33 1
28 48 1
28 57 1
28 62 1
28 36 1
29 37 1
29 42 1
29 35 1
29 31 1
29 30 1
29 49 1
29 38 1
29 40 1
29 64 1
29 34 1
29 48 1
29 36 1
29 63 1
29 68 1
29 62 1
29 51 1
29 66 1
29 60 1
30 36 1
30 42 1
30 52 1
30 32 1
30 44 1
30 57 1
30 41 1
30 62 1
30 61 1
30 43 1
30 40 1
31 62 1
31 60 1
31 44 1
31 53 1
31 47 1
31 65 1
31 66 1
31 40 1
31 57 1
31 64 1
31 61 1
31 36 1
31 67 1
32 40 1
32 49 1
32 35 1
32 69 1
32 63 1
32 51 1
32 66 1
32 46 1
32 57 1
33 42 1
33 43 1
33 69 1
33 50 1
33 34 1
33 55 1
33 49 1
33 65 1
33 44 1
33 37 1
33 59 1
34 64 1
34 51 1
34 54 1
34 39 1
34 63 1
34 49 1
34 42 1
34 58 1
34 60 1
34 68 1
34 45 1
34 62 1
34 55 1
34 53 1
34 43 1
35 57 1
35 61 1
35 45 1
35 67 1
35 46 1
35 36 1
35 60 1
35 42 1
35 66 1
36 63 1
36 62 1
36 40 1
36 67 1
36 38 1
36 50 1
36 49 1
36 42 1
36 59 1
36 69 1
37 43 1
37 68 1
37 67 1
37 56 1
37 61 1
37 63 1
37 42 1
37 51 1
37 47 1
37 41 1
37 58 1
37 50 1
37 64 1
38 42 1
38 55 1
38 52 1
38 67 1
38 44 1
38 69 1
38 39 1
38 50 1
38 58 1
38 48 1
38 64 1
38 61 1
39 42 1
39 60 1
39 62 1
39 67 1
39 66 1
39 69 1
39 64 1
40 59 1
40 42 1
40 66 1
40 53 1
40 60 1
40 54 1
40 47 1
40 67 1
40 62 1
41 61 1
41 66 1
41 59 1
41 65 1
41 53 1
41 50 1
41 48 1
42 55 1
42 62 1
42 67 1
42 59 1
42 44 1
42 63 1
42 54 1
42 61 1
42 68 1
43 51 1
43 53 1
43 57 1
43 66 1
43 59 1
43 60 1
43 54 1
43 69 1
44 69 1
44 56 1
44 65 1
44 51 1
44 48 1
44 47 1
44 63 1
44 62 1
44 45 1
45 52 1
45 47 1
45 68 1
45 63 1
45 53 1
45 66 1
45 60 1
45 50 1
45 65 1
46 52 1
46 69 1
46 56 1
46 66 1
46 55 1
46 59 1
46 48 1
46 57 1
47 64 1
47 69 1
47 54 1
47 59 1
47 67 1
47 57 1
47 48 1
47 62 1
47 60 1
47 52 1
47 63 1
47 65 1
47 50 1
48 58 1
48 61 1
48 60 1
48 65 1
48 57 1
48 51 1
48 50 1
48 55 1
48 49 1
49 59 1
49 66 1
49 52 1
49 61 1
49 53 1
49 56 1
49 63 1
49 57 1
50 55 1
50 60 1
50 53 1
50 65 1
50 58 1
50 66 1
50 56 1
51 64 1
51 57 1
51 61 1
51 69 1
51 63 1
51 60 1
51 66 1
51 52 1
52 66 1
52 68 1
52 69 1
52 62 1
52 61 1
52 67 1
52 58 1
53 54 1
53 59 1
53 58 1
54 61 1
54 56 1
54 69 1
54 63 1
54 58 1
54 59 1
54 60 1
55 62 1
55 67 1
55 57 1
55 63 1
55 68 1
56 69 1
56 59 1
57 63 1
57 69 1
57 66 1
57 61 1
57 58 1
57 64 1
57 60 1
58 65 1
58 69 1
58 63 1
58 64 1
59 66 1
60 66 1
60 65 1
60 69 1
61 67 1
61 65 1
61 68 1
62 68 1
62 64 1
62 66 1
64 69 1
65 69 1
65 67 1
66 67 1
66 69 1
67 69 1
