70
0 10 1
0 51 1
0 18 1
0 42 1
0 23 1
0 32 1
0 1 1
0 11 1
0 6 1
0 45 1
0 58 1
0 63 1
0 65 1
0 35 1
0 4 1
0 8 1
0 19 1
0 2 1
0 21 1
0 44 1
0 68 1
0 48 1
0 43 1
0 61 1
0 52 1
0 39 1
0 46 1
0 28 1
0 26 1
1 12 1
1 33 1
1 35 1
1 15 1
1 47 1
1 49 1
1 60 1
1 27 1
1 58 1
1 46 1
1 26 1
1 5 1
1 45 1
1 42 1
1 55 1
1 3 1
1 53 1
1 63 1
1 54 1
1 20 1
1 36 1
1 17 1
1 62 1
1 16 1
1 25 1
1 52 1
1 51 1
1 39 1
1 29 1
1 22 1
1 32 1
1 4 1
1 48 1
1 31 1
2 24 1
2 27 1
2 17 1
2 56 1
2 63 1
2 65 1
2 30 1
2 64 1
2 28 1
2 5 1
2 50 1
2 66 1
2 35 1
2 8 1
2 47 1
2 43 1
2 20 1
2 42 1
2 13 1
2 69 1
2 38 1
2 22 1
2 18 1
2 58 1
2 49 1
2 48 1
2 3 1
2 68 1
2 60 1
2 55 1
2 45 1
3 69 1
3 44 1
3 41 1
3 14 1
3 52 1
3 57 1
3 26 1
3 16 1
3 21 1
3 62 1
3 32 1
3 15 1
3 13 1
3 47 1
3 8 1
3 64 1
3 11 1
3 39 1
4 21 1
4 68 1
4 37 1
4 18 1
4 39 1
4 11 1
4 8 1
4 30 1
4 53 1
4 42 1
4 33 1
4 7 1
4 61 1
4 12 1
4 41 1
4 51 1
5 51 1
5 46 1
5 25 1
5 42 1
5 40 1
5 13 1
5 14 1
5 18 1
5 63 1
5 24 1
5 44 1
5 45 1
5 60 1
5 55 1
5 62 1
5 65 1
5 69 1
5 59 1
5 54 1
5 21 1
5 7 1
5 35 1
5 41 1
5 32 1
5 19 1
5 17 1
5 49 1
5 61 1
6 59 1
6 37 1
6 28 1
6 15 1
6 19 1
6 42 1
6 13 1
6 50 1
6 18 1
6 45 1
6 60 1
6 26 1
6 31 1
6 17 1
6 41 1
6 57 1
6 22 1
6 69 1
6 25 1
6 43 1
6 27 1
6 61 1
7 29 1
7 17 1
7 57 1
7 53 1
7 64 1
7 25 1
7 48 1
7 65 1
7 30 1
7 32 1
7 50 1
7 38 1
7 66 1
7 60 1
7 40 1
7 26 1
7 15 1
7 62 1
7 16 1
7 49 1
7 8 1
7 47 1
7 33 1
7 22 1
8 42 1
8 45 1
8 14 1
8 48 1
8 35 1
8 50 1
8 62 1
8 59 1
8 56 1
8 29 1
8 9 1
8 10 1
8 37 1
8 23 1
8 69 1
8 61 1
8 60 1
8 18 1
8 38 1
8 54 1
8 19 1
8 28 1
8 15 1
9 53 1
9 22 1
9 24 1
9 47 1
9 62 1
9 45 1
9 40 1
9 57 1
9 41 1
9 54 1
9 18 1
9 63 1
9 68 1
9 36 1
9 26 1
9 51 1
9 27 1
9 32 1
10 56 1
10 22 1
10 40 1
10 43 1
10 21 1
10 49 1
10 38 1
10 69 1
10 41 1
10 50 1
10 64 1
10 17 1
10 34 1
10 31 1
10 33 1
10 68 1
10 47 1
10 44 1
10 55 1
10 60 1
10 16 1
11 58 1
11 27 1
11 25 1
11 44 1
11 34 1
11 39 1
11 46 1
11 32 1
11 42 1
11 18 1
11 65 1
11 38 1
11 53 1
11 54 1
11 12 1
11 56 1
11 61 1
11 63 1
11 26 1
11 23 1
11 19 1
11 22 1
11 48 1
11 67 1
11 43 1
11 35 1
11 57 1
11 29 1
12 69 1
12 55 1
12 61 1
12 67 1
12 23 1
12 37 1
12 33 1
12 26 1
12 24 1
12 31 1
12 63 1
12 17 1
12 22 1
12 15 1
12 21 1
12 66 1
12 27 1
12 49 1
12 47 1
12 18 1
12 29 1
12 39 1
12 54 1
12 20 1
13 14 1
13 41 1
13 59 1
13 55 1
13 15 1
13 37 1
13 58 1
13 49 1
13 39 1
13 47 1
13 57 1
13 19 1
13 22 1
14 57 1
14 38 1
14 29 1
14 44 1
14 21 1
14 67 1
14 30 1
14 65 1
14 53 1
14 60 1
14 63 1
14 42 1
14 47 1
14 18 1
14 34 1
14 20 1
14 22 1
14 62 1
14 45 1
14 49 1
15 52 1
15 68 1
15 62 1
15 46 1
15 38 1
15 32 1
15 41 1
15 17 1
15 39 1
15 43 1
15 34 1
15 30 1
15 63 1
15 44 1
15 28 1
15 56 1
15 55 1
15 69 1
16 52 1
16 47 1
16 27 1
16 29 1
16 61 1
16 38 1
16 55 1
16 45 1
16 50 1
16 59 1
16 17 1
16 40 1
16 51 1
16 20 1
16 65 1
16 62 1
16 26 1
16 60 1
16 68 1
16 19 1
17 47 1
17 52 1
17 24 1
17 36 1
17 39 1
17 45 1
17 29 1
17 61 1
17 18 1
17 50 1
17 60 1
17 55 1
17 23 1
17 30 1
17 42 1
17 53 1
17 37 1
18 37 1
18 39 1
18 31 1
18 23 1
18 40 1
18 27 1
18 43 1
18 50 1
18 56 1
18 35 1
18 48 1
18 38 1
18 33 1
18 54 1
18 22 1
19 67 1
19 28 1
19 62 1
19 56 1
19 44 1
19 46 1
19 37 1
19 22 1
19 61 1
19 58 1
19 21 1
19 60 1
19 32 1
19 53 1
19 66 1
20 42 1
20 21 1
20 54 1
20 61 1
20 57 1
20 35 1
20 66 1
20 50 1
20 49 1
20 27 1
20 68 1
20 52 1
20 31 1
20 39 1
20 25 1
20 59 1
20 45 1
21 38 1
21 47 1
21 50 1
21 31 1
21 65 1
21 40 1
21 61 1
21 45 1
21 58 1
21 55 1
21 49 1
21 48 1
21 25 1
21 32 1
21 34 1
21 54 1
21 51 1
21 62 1
21 30 1
22 66 1
22 53 1
22 30 1
22 32 1
22 41 1
22 37 1
22 35 1
22 47 1
22 31 1
22 69 1
22 38 1
22 45 1
22 46 1
22 26 1
22 23 1
22 54 1
22 25 1
22 50 1
22 48 1
22 51 1
22 58 1
23 43 1
23 47 1
23 27 1
23 33 1
23 62 1
23 61 1
23 54 1
23 59 1
23 34 1
23 48 1
23 55 1
23 25 1
23 53 1
23 24 1
23 38 1
23 40 1
24 36 1
24 37 1
24 28 1
24 40 1
24 53 1
24 57 1
24 50 1
24 34 1
24 41 1
24 66 1
24 39 1
24 51 1
24 35 1
24 68 1
24 42 1
24 56 1
24 45 1
24 30 1
24 43 1
24 55 1
24 29 1
24 69 1
25 66 1
25 64 1
25 58 1
25 37 1
25 46 1
25 32 1
25 57 1
25 43 1
25 42 1
25 62 1
25 29 1
25 50 1
26 37 1
26 53 1
26 49 1
26 50 1
26 27 1
26 44 1
26 45 1
26 47 1
26 36 1
26 30 1
26 39 1
26 38 1
26 61 1
27 59 1
27 50 1
27 41 1
27 57 1
27 54 1
27 51 1
27 34 1
27 56 1
27 42 1
27 67 1
27 65 1
27 60 1
27 63 1
27 29 1
27 66 1
27 47 1
28 32 1
28 65 1
28 30 1
28 29 1
28 44 1
28 64 1
28 47 1
28 49 1
28 40 1
28 52 1
29 66 1
29 47 1
29 51 1
29 37 1
29 56 1
29 32 1
29 43 1
29 34 1
29 31 1
29 69 1
29 48 1
29 60 1
29 39 1
29 59 1
30 48 1
30 49 1
30 33 1
30 62 1
30 31 1
30 54 1
30 36 1
30 61 1
30 46 1
30 66 1
31 68 1
31 66 1
31 51 1
31 48 1
31 58 1
31 33 1
31 60 1
31 62 1
31 43 1
31 61 1
31 64 1
31 69 1
31 55 1
31 52 1
31 46 1
31 40 1
31 45 1
31 53 1
31 42 1
32 66 1
32 44 1
32 59 1
32 63 1
32 40 1
32 41 1
32 53 1
33 55 1
33 59 1
33 37 1
33 38 1
33 51 1
33 65 1
33 52 1
33 68 1
33 61 1
33 43 1
33 67 1
33 45 1
33 49 1
33 42 1
33 46 1
34 55 1
34 54 1
34 63 1
34 69 1
34 56 1
34 68 1
34 46 1
34 48 1
34 43 1
35 60 1
35 51 1
35 61 1
35 69 1
35 62 1
35 43 1
35 50 1
35 53 1
36 37 1
36 43 1
36 49 1
36 52 1
36 53 1
36 39 1
36 47 1
36 54 1
36 40 1
37 43 1
37 45 1
37 60 1
37 53 1
37 56 1
37 69 1
37 65 1
37 67 1
37 59 1
37 55 1
37 54 1
37 41 1
38 59 1
38 42 1
38 44 1
38 62 1
38 43 1
38 45 1
38 67 1
38 41 1
38 46 1
38 68 1
38 61 1
38 48 1
39 65 1
39 50 1
39 45 1
39 63 1
39 42 1
39 52 1
39 49 1
39 68 1
39 44 1
39 46 1
40 54 1
40 56 1
40 55 1
40 53 1
40 47 1
40 64 1
40 66 1
40 45 1
40 49 1
40 69 1
40 68 1
40 61 1
41 53 1
41 63 1
41 68 1
41 48 1
41 62 1
41 47 1
41 51 1
41 50 1
41 49 1
41 61 1
41 56 1
42 57 1
42 51 1
42 53 1
42 55 1
42 69 1
42 67 1
43 49 1
43 45 1
43 52 1
43 51 1
43 66 1
43 55 1
43 68 1
43 54 1
43 67 1
43 46 1
44 46 1
44 52 1
44 54 1
44 56 1
44 51 1
44 45 1
44 68 1
44 65 1
44 48 1
45 67 1
45 62 1
45 57 1
45 61 1
45 66 1
45 47 1
46 63 1
46 61 1
46 59 1
46 55 1
46 52 1
46 51 1
46 68 1
47 49 1
47 62 1
47 63 1
47 50 1
47 48 1
47 52 1
47 66 1
48 65 1
48 51 1
48 58 1
48 53 1
48 56 1
48 55 1
48 67 1
49 55 1
49 52 1
49 53 1
49 54 1
49 56 1
49 61 1
49 62 1
49 69 1
50 65 1
50 56 1
50 58 1
50 67 1
50 64 1
50 63 1
50 62 1
51 62 1
51 60 1
51 64 1
51 69 1
51 67 1
52 69 1
52 68 1
52 57 1
53 67 1
53 69 1
53 62 1
53 63 1
53 55 1
54 68 1
54 58 1
54 61 1
54 56 1
54 64 1
54 67 1
54 65 1
55 68 1
55 62 1
55 56 1
55 60 1
55 61 1
56 62 1
56 64 1
57 68 1
57 63 1
57 66 1
58 62 1
58 66 1
59 61 1
59 68 1
59 67 1
59 63 1
60 61 1
60 68 1
61 69 1
61 62 1
61 64 1
62 63 1
63 68 1
63 67 1
64 65 1
65 68 1
65 67 1
65 69 1
66 67 1
67 69 1
