70
0 11 1
0 48 1
0 65 1
0 68 1
0 19 1
0 18 1
0 1 1
0 6 1
0 52 1
0 34 1
0 50 1
0 22 1
0 61 1
0 64 1
0 42 1
0 16 1
0 36 1
0 51 1
0 27 1
0 5 1
0 43 1
0 8 1
0 9 1
0 7 1
0 20 1
0 32 1
1 26 1
1 30 1
1 18 1
1 37 1
1 57 1
1 69 1
1 41 1
1 50 1
1 67 1
1 28 1
1 39 1
1 36 1
1 42 1
1 9 1
1 29 1
1 14 1
1 53 1
1 61 1
1 40 1
1 16 1
1 6 1
1 23 1
1 11 1
2 25 1
2 4 1
2 5 1
2 29 1
2 55 1
2 38 1
2 64 1
2 30 1
2 18 1
2 7 1
2 9 1
2 27 1
2 35 1
2 22 1
2 46 1
2 10 1
2 23 1
2 47 1
2 50 1
2 13 1
3 8 1
3 25 1
3 20 1
3 52 1
3 11 1
3 62 1
3 18 1
3 65 1
3 35 1
3 14 1
3 26 1
3 9 1
3 54 1
3 53 1
3 7 1
3 43 1
3 32 1
3 64 1
3 40 1
3 46 1
3 48 1
3 49 1
3 10 1
3 61 1
3 44 1
3 19 1
4 21 1
4 53 1
4 24 1
4 61 1
4 57 1
4 41 1
4 48 1
4 44 1
4 16 1
4 10 1
4 47 1
4 29 1
4 52 1
4 58 1
4 62 1
4 66 1
4 42 1
4 63 1
4 19 1
4 7 1
4 46 1
4 32 1
5 42 1
5 68 1
5 38 1
5 31 1
5 58 1
5 50 1
5 26 1
5 56 1
5 67 1
5 61 1
5 53 1
5 59 1
5 66 1
5 60 1
5 8 1
5 48 1
5 13 1
5 63 1
5 15 1
5 64 1
5 10 1
5 55 1
5 27 1
5 49 1
5 40 1
5 52 1
5 65 1
5 19 1
5 51 1
6 69 1
6 58 1
6 65 1
6 66 1
6 18 1
6 54 1
6 16 1
6 8 1
6 61 1
6 22 1
6 39 1
6 41 1
6 23 1
6 40 1
6 52 1
6 48 1
6 25 1
6 9 1
6 14 1
6 57 1
6 27 1
6 7 1
6 44 1
7 45 1
7 46 1
7 33 1
7 68 1
7 61 1
7 65 1
7 62 1
7 69 1
7 49 1
7 51 1
7 59 1
7 55 1
7 30 1
7 58 1
7 18 1
7 9 1
7 43 1
7 28 1
8 45 1
8 65 1
8 24 1
8 63 1
8 20 1
8 26 1
8 37 1
8 33 1
8 66 1
8 30 1
8 60 1
8 38 1
8 28 1
8 68 1
8 18 1
8 61 1
8 54 1
8 40 1
8 12 1
8 39 1
9 59 1
9 43 1
9 49 1
9 45 1
9 69 1
9 65 1
9 50 1
9 18 1
9 54 1
9 38 1
9 31 1
9 23 1
9 27 1
9 44 1
9 46 1
9 48 1
9 47 1
9 33 1
9 55 1
9 68 1
9 34 1
9 21 1
9 30 1
9 39 1
9 66 1
9 24 1
10 42 1
10 12 1
10 31 1
10 46 1
10 54 1
10 18 1
10 61 1
10 28 1
10 63 1
10 19 1
10 49 1
10 47 1
10 36 1
10 52 1
10 27 1
10 66 1
10 50 1
10 21 1
11 31 1
11 39 1
11 25 1
11 15 1
11 27 1
11 43 1
11 52 1
11 53 1
11 58 1
11 36 1
11 23 1
11 48 1
11 54 1
11 61 1
11 21 1
11 69 1
11 59 1
11 66 1
11 13 1
11 65 1
11 46 1
11 14 1
11 18 1
11 30 1
11 67 1
11 50 1
11 33 1
12 17 1
12 44 1
12 15 1
12 43 1
12 14 1
12 47 1
12 21 1
12 50 1
12 39 1
12 53 1
12 34 1
12 54 1
12 68 1
12 32 1
12 58 1
12 61 1
12 22 1
12 56 1
12 42 1
12 16 1
12 41 1
12 35 1
12 65 1
12 28 1
12 63 1
13 20 1
13 22 1
13 32 1
13 69 1
13 27 1
13 35 1
13 55 1
13 50 1
13 21 1
13 49 1
13 41 1
13 44 1
13 62 1
13 36 1
14 67 1
14 57 1
14 26 1
14 64 1
14 61 1
14 62 1
14 33 1
14 36 1
14 54 1
14 21 1
14 47 1
14 23 1
14 44 1
14 55 1
14 51 1
14 41 1
14 52 1
14 66 1
14 27 1
14 19 1
15 35 1
15 49 1
15 26 1
15 66 1
15 28 1
15 23 1
15 39 1
15 62 1
15 44 1
15 25 1
15 41 1
15 42 1
15 47 1
15 51 1
15 64 1
15 40 1
15 46 1
15 45 1
15 54 1
15 43 1
15 52 1
15 48 1
16 30 1
16 57 1
16 67 1
16 31 1
16 65 1
16 33 1
16 34 1
16 42 1
16 20 1
16 48 1
16 50 1
16 64 1
16 32 1
16 59 1
16 44 1
16 63 1
17 65 1
17 36 1
17 20 1
17 60 1
17 43 1
17 68 1
17 49 1
17 55 1
17 23 1
17 56 1
17 24 1
17 28 1
17 26 1
18 66 1
18 21 1
18 50 1
18 60 1
18 41 1
18 45 1
18 47 1
18 38 1
18 43 1
18 28 1
18 64 1
18 34 1
18 65 1
18 63 1
18 52 1
18 20 1
18 23 1
18 68 1
18 29 1
18 58 1
18 61 1
18 40 1
18 69 1
18 19 1
19 45 1
19 67 1
19 63 1
19 65 1
19 48 1
19 33 1
19 37 1
19 59 1
20 63 1
20 25 1
20 41 1
20 44 1
20 49 1
20 42 1
20 33 1
20 43 1
20 67 1
20 58 1
20 55 1
20 30 1
20 62 1
20 21 1
20 23 1
20 46 1
20 40 1
20 28 1
20 35 1
21 41 1
21 31 1
21 49 1
21 23 1
21 28 1
21 50 1
21 27 1
21 35 1
21 61 1
21 54 1
21 24 1
21 56 1
21 44 1
21 64 1
21 57 1
21 52 1
21 43 1
21 26 1
21 37 1
21 58 1
21 34 1
21 48 1
22 58 1
22 45 1
22 41 1
22 42 1
22 40 1
22 32 1
22 49 1
22 66 1
22 50 1
22 64 1
22 36 1
22 28 1
22 69 1
22 62 1
22 33 1
22 61 1
22 39 1
23 30 1
23 47 1
23 69 1
23 51 1
23 24 1
23 67 1
23 40 1
23 52 1
23 39 1
23 45 1
23 65 1
24 58 1
24 62 1
24 45 1
24 51 1
24 59 1
24 36 1
24 29 1
24 34 1
24 46 1
24 35 1
24 61 1
24 31 1
24 28 1
24 49 1
24 64 1
24 63 1
24 25 1
24 56 1
24 42 1
25 69 1
25 52 1
25 34 1
25 63 1
25 35 1
25 65 1
25 33 1
25 68 1
25 67 1
25 41 1
25 54 1
25 60 1
25 51 1
26 34 1
26 46 1
26 32 1
26 52 1
26 51 1
26 45 1
26 42 1
26 54 1
26 63 1
26 30 1
26 68 1
26 56 1
26 28 1
26 41 1
26 47 1
27 49 1
27 40 1
27 57 1
27 63 1
27 55 1
27 41 1
27 68 1
27 56 1
27 46 1
27 34 1
27 48 1
27 39 1
27 35 1
27 29 1
27 36 1
27 61 1
28 53 1
28 34 1
28 67 1
28 55 1
28 63 1
28 62 1
28 52 1
28 48 1
28 54 1
28 32 1
28 35 1
29 65 1
29 40 1
29 67 1
29 62 1
29 64 1
29 58 1
29 43 1
29 61 1
29 37 1
29 36 1
29 32 1
29 63 1
29 46 1
29 48 1
29 54 1
29 47 1
29 59 1
30 51 1
30 69 1
30 62 1
30 41 1
30 37 1
30 58 1
30 32 1
30 35 1
30 61 1
30 50 1
31 47 1
31 65 1
31 39 1
31 34 1
31 51 1
31 64 1
31 33 1
31 46 1
31 61 1
31 67 1
32 66 1
32 65 1
32 69 1
32 52 1
32 43 1
32 33 1
32 42 1
32 44 1
32 38 1
32 58 1
32 67 1
32 46 1
32 62 1
32 53 1
32 60 1
32 56 1
32 47 1
33 39 1
33 47 1
33 44 1
33 65 1
33 63 1
33 62 1
33 56 1
33 52 1
33 48 1
33 69 1
33 51 1
33 59 1
33 54 1
33 67 1
34 67 1
34 62 1
34 52 1
34 64 1
34 57 1
34 58 1
34 38 1
34 53 1
34 41 1
34 61 1
34 68 1
34 47 1
35 42 1
35 58 1
35 67 1
35 61 1
35 41 1
35 43 1
35 68 1
35 59 1
35 53 1
35 44 1
36 57 1
36 55 1
36 67 1
36 39 1
36 60 1
36 59 1
36 54 1
36 62 1
36 49 1
36 69 1
36 42 1
36 56 1
37 66 1
37 60 1
37 43 1
37 48 1
37 39 1
37 54 1
37 61 1
37 41 1
37 63 1
37 64 1
37 53 1
37 46 1
37 51 1
38 68 1
38 50 1
38 47 1
38 52 1
38 43 1
38 42 1
38 39 1
38 64 1
38 54 1
38 60 1
39 63 1
39 60 1
39 50 1
39 57 1
39 49 1
39 43 1
39 67 1
39 42 1
39 62 1
39 46 1
39 56 1
39 51 1
39 64 1
40 60 1
40 47 1
40 41 1
40 56 1
40 53 1
40 44 1
40 59 1
40 58 1
40 42 1
40 67 1
41 67 1
41 58 1
41 63 1
41 42 1
41 48 1
42 67 1
42 46 1
42 61 1
42 60 1
42 52 1
42 51 1
42 47 1
42 45 1
42 56 1
42 58 1
42 69 1
43 60 1
43 46 1
43 62 1
43 48 1
43 69 1
43 61 1
43 44 1
43 57 1
44 62 1
44 60 1
44 69 1
44 58 1
44 56 1
44 61 1
44 45 1
44 66 1
44 49 1
44 67 1
44 53 1
45 66 1
45 64 1
45 47 1
45 58 1
45 54 1
45 55 1
45 51 1
45 68 1
46 47 1
46 67 1
46 51 1
46 49 1
46 59 1
46 64 1
46 58 1
47 61 1
47 58 1
47 55 1
47 56 1
47 64 1
47 57 1
47 59 1
47 48 1
47 51 1
48 64 1
48 55 1
48 60 1
48 68 1
48 58 1
48 56 1
48 52 1
48 69 1
48 51 1
49 53 1
49 61 1
50 65 1
50 52 1
50 69 1
50 67 1
51 56 1
51 69 1
51 61 1
51 58 1
51 60 1
51 54 1
52 61 1
52 53 1
52 54 1
52 56 1
52 60 1
52 55 1
52 68 1
53 66 1
53 64 1
53 56 1
53 59 1
53 62 1
54 69 1
54 57 1
54 56 1
54 66 1
54 61 1
54 65 1
54 68 1
55 56 1
55 62 1
55 67 1
55 61 1
56 64 1
56 61 1
56 59 1
56 60 1
56 63 1
56 57 1
57 62 1
57 66 1
57 67 1
58 63 1
58 62 1
58 68 1
58 64 1
58 66 1
59 69 1
59 63 1
59 64 1
60 61 1
61 63 1
62 65 1
62 67 1
62 63 1
63 66 1
63 69 1
63 64 1
64 65 1
64 66 1
64 69 1
64 68 1
65 69 1
67 68 1
