70
0 29 1
0 42 1
0 4 1
0 23 1
0 50 1
0 34 1
0 56 1
0 39 1
0 21 1
0 51 1
0 13 1
0 33 1
0 10 1
0 35 1
0 3 1
0 66 1
0 22 1
0 47 1
0 55 1
0 25 1
0 60 1
0 48 1
0 45 1
0 46 1
0 49 1
1 49 1
1 57 1
1 16 1
1 39 1
1 64 1
1 8 1
1 26 1
1 65 1
1 22 1
1 34 1
1 33 1
1 60 1
1 36 1
1 40 1
1 37 1
1 6 1
1 54 1
1 58 1
1 44 1
1 14 1
1 10 1
1 50 1
1 2 1
1 46 1
1 45 1
1 29 1
1 9 1
1 66 1
1 25 1
1 15 1
2 28 1
2 61 1
2 21 1
2 11 1
2 44 1
2 18 1
2 15 1
2 49 1
2 53 1
2 48 1
2 10 1
2 9 1
2 5 1
2 66 1
2 20 1
2 31 1
2 46 1
2 4 1
2 65 1
2 14 1
2 36 1
2 45 1
2 23 1
2 22 1
3 6 1
3 66 1
3 43 1
3 57 1
3 35 1
3 12 1
3 53 1
3 65 1
3 49 1
3 54 1
3 39 1
3 34 1
3 60 1
3 45 1
3 9 1
3 42 1
3 21 1
3 59 1
3 30 1
3 56 1
3 38 1
3 5 1
3 27 1
3 33 1
3 52 1
3 20 1
4 11 1
4 13 1
4 29 1
4 40 1
4 62 1
4 23 1
4 32 1
4 7 1
4 50 1
4 27 1
4 39 1
4 20 1
4 38 1
4 60 1
4 66 1
4 56 1
4 43 1
4 17 1
4 49 1
4 24 1
4 44 1
4 25 1
4 14 1
5 51 1
5 39 1
5 10 1
5 7 1
5 67 1
5 29 1
5 46 1
5 42 1
5 40 1
5 66 1
5 45 1
5 62 1
5 35 1
5 64 1
5 24 1
5 17 1
5 9 1
5 20 1
5 27 1
5 14 1
5 48 1
5 41 1
6 53 1
6 46 1
6 10 1
6 54 1
6 37 1
6 60 1
6 8 1
6 65 1
6 19 1
6 20 1
6 33 1
6 38 1
6 28 1
6 34 1
6 58 1
6 67 1
6 30 1
6 45 1
7 33 1
7 67 1
7 16 1
7 66 1
7 59 1
7 11 1
7 29 1
7 23 1
7 68 1
7 12 1
7 20 1
7 35 1
7 46 1
7 14 1
7 60 1
7 50 1
7 38 1
7 32 1
7 10 1
7 45 1
7 41 1
7 19 1
7 43 1
7 51 1
8 61 1
8 24 1
8 45 1
8 10 1
8 37 1
8 12 1
8 21 1
8 26 1
8 60 1
8 35 1
8 15 1
8 11 1
8 30 1
8 54 1
8 48 1
8 14 1
8 47 1
8 44 1
8 19 1
8 63 1
8 49 1
9 64 1
9 67 1
9 59 1
9 29 1
9 24 1
9 57 1
9 43 1
9 53 1
9 23 1
9 49 1
9 26 1
9 42 1
9 30 1
9 40 1
9 34 1
9 32 1
9 31 1
9 39 1
9 50 1
9 17 1
10 15 1
10 33 1
10 44 1
10 46 1
10 37 1
10 12 1
10 26 1
10 13 1
10 53 1
10 64 1
10 58 1
10 65 1
10 66 1
10 27 1
10 52 1
10 11 1
10 36 1
10 63 1
10 59 1
10 30 1
11 60 1
11 19 1
11 59 1
11 53 1
11 33 1
11 34 1
11 67 1
11 42 1
11 64 1
11 54 1
11 22 1
11 65 1
11 31 1
11 69 1
11 46 1
11 35 1
11 62 1
11 18 1
11 24 1
11 21 1
11 49 1
11 52 1
11 58 1
12 65 1
12 19 1
12 54 1
12 64 1
12 43 1
12 44 1
12 21 1
12 22 1
12 25 1
12 51 1
12 62 1
12 60 1
12 46 1
12 67 1
12 18 1
12 57 1
12 15 1
12 28 1
13 19 1
13 50 1
13 57 1
13 68 1
13 48 1
13 54 1
13 15 1
13 43 1
13 67 1
13 46 1
13 58 1
13 53 1
13 39 1
13 22 1
13 17 1
14 29 1
14 41 1
14 25 1
14 24 1
14 50 1
14 67 1
14 35 1
14 68 1
14 52 1
14 26 1
14 47 1
14 33 1
14 43 1
14 51 1
14 19 1
14 44 1
14 66 1
15 45 1
15 47 1
15 35 1
15 26 1
15 20 1
15 30 1
15 59 1
15 24 1
15 41 1
15 61 1
15 67 1
15 64 1
15 69 1
15 63 1
15 56 1
15 28 1
15 33 1
16 64 1
16 22 1
16 46 1
16 61 1
16 55 1
16 27 1
16 36 1
16 32 1
16 58 1
16 54 1
16 25 1
16 17 1
16 40 1
16 35 1
16 66 1
16 49 1
16 26 1
16 18 1
16 51 1
16 37 1
16 65 1
16 62 1
16 41 1
16 33 1
17 58 1
17 46 1
17 57 1
17 38 1
17 39 1
17 20 1
17 60 1
17 52 1
17 26 1
17 28 1
17 48 1
17 69 1
17 66 1
18 56 1
18 50 1
18 62 1
18 58 1
18 68 1
18 20 1
18 45 1
18 31 1
18 54 1
18 28 1
18 21 1
18 51 1
18 44 1
18 36 1
18 53 1
18 48 1
18 27 1
18 24 1
18 26 1
18 60 1
18 69 1
18 30 1
19 60 1
19 33 1
19 31 1
19 48 1
19 43 1
19 26 1
19 35 1
19 69 1
19 28 1
19 64 1
19 37 1
19 23 1
19 57 1
19 68 1
19 61 1
19 32 1
19 63 1
19 39 1
20 53 1
20 55 1
20 37 1
20 36 1
20 27 1
20 62 1
20 46 1
20 45 1
20 54 1
20 61 1
20 24 1
20 38 1
20 28 1
20 60 1
20 34 1
20 50 1
20 59 1
21 41 1
21 37 1
21 60 1
21 54 1
21 30 1
21 28 1
21 25 1
21 39 1
21 58 1
21 62 1
21 56 1
21 65 1
21 22 1
21 57 1
21 45 1
22 65 1
22 33 1
22 62 1
22 34 1
22 53 1
22 32 1
22 69 1
22 64 1
22 39 1
22 57 1
22 60 1
22 55 1
22 36 1
22 38 1
22 68 1
23 64 1
23 54 1
23 67 1
23 41 1
23 59 1
23 50 1
23 47 1
23 36 1
23 58 1
23 57 1
23 53 1
23 26 1
23 40 1
23 61 1
23 39 1
23 56 1
24 36 1
24 51 1
24 54 1
24 49 1
24 61 1
24 43 1
24 33 1
24 63 1
24 30 1
24 47 1
24 57 1
24 29 1
24 60 1
24 28 1
25 61 1
25 35 1
25 31 1
25 40 1
25 27 1
25 37 1
25 26 1
25 49 1
25 54 1
25 45 1
25 29 1
26 50 1
26 56 1
26 42 1
26 29 1
26 65 1
26 35 1
26 49 1
26 66 1
26 62 1
26 39 1
26 60 1
26 58 1
26 69 1
26 55 1
27 30 1
27 66 1
27 36 1
27 34 1
27 52 1
27 62 1
27 57 1
27 68 1
27 59 1
27 58 1
27 69 1
27 53 1
27 63 1
27 35 1
27 41 1
27 47 1
28 58 1
28 33 1
28 67 1
28 38 1
28 32 1
28 54 1
28 51 1
28 48 1
28 36 1
28 43 1
29 68 1
29 47 1
29 61 1
29 63 1
29 60 1
29 65 1
29 51 1
29 55 1
29 35 1
29 45 1
29 31 1
29 56 1
29 46 1
29 59 1
30 58 1
30 55 1
30 41 1
30 37 1
30 40 1
30 42 1
30 47 1
30 65 1
30 48 1
30 43 1
30 64 1
30 31 1
30 69 1
30 49 1
30 32 1
31 53 1
31 33 1
31 57 1
31 36 1
31 38 1
31 56 1
31 65 1
31 39 1
31 55 1
31 59 1
32 63 1
32 66 1
32 58 1
32 46 1
32 52 1
32 56 1
32 68 1
32 45 1
32 33 1
32 51 1
32 37 1
32 44 1
32 50 1
32 43 1
33 64 1
33 59 1
33 54 1
33 41 1
33 49 1
33 61 1
33 47 1
33 36 1
33 58 1
33 66 1
33 50 1
33 65 1
33 43 1
33 56 1
33 44 1
34 68 1
34 57 1
34 55 1
34 65 1
34 41 1
34 38 1
34 51 1
34 59 1
34 39 1
34 44 1
34 66 1
35 39 1
35 54 1
35 62 1
35 40 1
35 66 1
35 38 1
35 48 1
35 58 1
36 52 1
36 42 1
36 40 1
36 39 1
36 55 1
36 43 1
36 59 1
36 45 1
36 48 1
36 58 1
37 46 1
37 61 1
37 68 1
37 57 1
37 47 1
37 44 1
37 69 1
37 50 1
37 59 1
37 67 1
37 58 1
37 48 1
37 62 1
37 39 1
38 63 1
38 48 1
38 65 1
38 54 1
38 43 1
38 47 1
38 46 1
38 64 1
38 53 1
38 44 1
39 46 1
39 60 1
39 55 1
39 53 1
39 62 1
39 68 1
39 41 1
39 63 1
39 58 1
39 61 1
39 43 1
39 66 1
40 64 1
40 45 1
40 67 1
40 55 1
40 59 1
40 52 1
40 44 1
40 47 1
41 59 1
41 60 1
41 57 1
41 58 1
41 54 1
41 45 1
41 53 1
41 42 1
41 51 1
42 62 1
42 64 1
42 57 1
42 65 1
42 44 1
42 46 1
42 54 1
42 68 1
42 53 1
42 69 1
43 66 1
43 62 1
43 69 1
43 57 1
43 47 1
43 52 1
43 45 1
43 56 1
43 50 1
43 46 1
43 67 1
43 60 1
44 67 1
44 60 1
44 68 1
44 65 1
44 59 1
45 49 1
45 66 1
45 47 1
45 59 1
45 65 1
45 60 1
45 68 1
45 54 1
45 53 1
45 46 1
45 64 1
46 52 1
46 57 1
46 51 1
46 49 1
46 65 1
46 62 1
46 66 1
46 58 1
46 50 1
46 55 1
46 64 1
46 61 1
47 48 1
47 67 1
47 54 1
47 53 1
47 56 1
47 57 1
47 58 1
47 60 1
47 55 1
47 66 1
47 51 1
48 49 1
48 63 1
48 57 1
48 64 1
48 59 1
48 69 1
48 66 1
48 56 1
48 54 1
48 58 1
48 68 1
49 60 1
49 52 1
49 68 1
49 57 1
49 65 1
49 54 1
49 55 1
49 50 1
49 66 1
50 56 1
50 52 1
50 64 1
50 53 1
50 57 1
50 67 1
50 54 1
51 52 1
51 55 1
51 66 1
51 69 1
51 65 1
51 53 1
51 61 1
51 68 1
51 58 1
51 60 1
52 69 1
52 60 1
52 67 1
52 58 1
52 55 1
52 63 1
53 56 1
53 60 1
53 62 1
54 69 1
54 60 1
54 61 1
54 59 1
54 62 1
55 68 1
55 67 1
55 62 1
55 58 1
55 66 1
56 68 1
57 62 1
57 69 1
57 65 1
57 61 1
57 58 1
57 60 1
57 67 1
58 68 1
58 63 1
58 59 1
59 63 1
59 61 1
60 61 1
60 66 1
60 64 1
61 68 1
61 69 1
61 65 1
61 64 1
62 64 1
62 66 1
62 67 1
62 65 1
62 68 1
63 69 1
64 69 1
66 68 1
67 69 1
67 68 1
