70
0 38 1
0 5 1
0 59 1
0 26 1
0 52 1
0 2 1
0 42 1
0 44 1
0 16 1
0 65 1
0 23 1
0 6 1
0 1 1
0 15 1
0 31 1
0 46 1
0 56 1
0 47 1
1 22 1
1 65 1
1 14 1
1 40 1
1 30 1
1 49 1
1 50 1
1 68 1
1 45 1
1 54 1
1 32 1
1 55 1
1 18 1
1 57 1
1 58 1
1 3 1
1 5 1
1 62 1
1 44 1
1 38 1
1 66 1
1 41 1
1 7 1
1 26 1
1 61 1
1 37 1
1 13 1
1 4 1
1 46 1
1 16 1
1 24 1
2 38 1
2 65 1
2 26 1
2 48 1
2 66 1
2 3 1
2 36 1
2 62 1
2 51 1
2 24 1
2 15 1
2 53 1
2 13 1
2 19 1
2 60 1
2 12 1
2 33 1
2 4 1
2 23 1
2 9 1
2 37 1
2 11 1
2 14 1
2 28 1
2 29 1
2 35 1
2 21 1
2 5 1
2 54 1
2 30 1
3 31 1
3 10 1
3 16 1
3 49 1
3 18 1
3 64 1
3 26 1
3 35 1
3 51 1
3 50 1
3 25 1
3 36 1
3 67 1
3 55 1
3 14 1
3 63 1
3 52 1
3 6 1
3 11 1
3 12 1
3 22 1
3 37 1
3 30 1
4 30 1
4 32 1
4 62 1
4 24 1
4 38 1
4 41 1
4 25 1
4 7 1
4 69 1
4 44 1
4 33 1
4 37 1
4 15 1
4 17 1
4 27 1
4 28 1
4 16 1
4 53 1
4 65 1
4 39 1
4 58 1
4 22 1
4 26 1
4 54 1
4 57 1
4 66 1
5 41 1
5 50 1
5 66 1
5 69 1
5 35 1
5 38 1
5 65 1
5 47 1
5 53 1
5 26 1
5 10 1
5 64 1
5 11 1
5 12 1
5 67 1
6 27 1
6 11 1
6 41 1
6 21 1
6 13 1
6 47 1
6 19 1
6 51 1
6 65 1
6 36 1
6 69 1
6 7 1
6 32 1
6 25 1
7 52 1
7 17 1
7 32 1
7 31 1
7 58 1
7 9 1
7 16 1
7 14 1
7 33 1
7 21 1
7 20 1
7 39 1
7 42 1
7 34 1
7 12 1
7 8 1
7 67 1
7 45 1
7 56 1
7 53 1
7 64 1
7 35 1
7 69 1
7 63 1
7 54 1
7 13 1
8 27 1
8 59 1
8 58 1
8 32 1
8 60 1
8 10 1
8 65 1
8 47 1
8 37 1
8 45 1
8 20 1
8 15 1
8 11 1
8 41 1
8 54 1
8 44 1
8 23 1
8 48 1
8 29 1
8 55 1
8 30 1
8 24 1
8 31 1
9 28 1
9 48 1
9 41 1
9 61 1
9 18 1
9 53 1
9 42 1
9 50 1
9 45 1
9 38 1
9 13 1
9 14 1
9 32 1
9 12 1
9 33 1
9 31 1
9 15 1
9 10 1
9 65 1
9 58 1
9 64 1
10 30 1
10 50 1
10 55 1
10 46 1
10 63 1
10 19 1
10 53 1
10 44 1
10 28 1
10 20 1
10 35 1
10 42 1
10 58 1
10 59 1
10 37 1
10 11 1
10 31 1
10 27 1
10 69 1
11 24 1
11 58 1
11 50 1
11 15 1
11 38 1
11 64 1
11 65 1
11 40 1
11 60 1
11 32 1
11 35 1
11 66 1
11 36 1
11 27 1
11 42 1
11 53 1
11 12 1
11 48 1
11 14 1
11 33 1
11 61 1
11 55 1
11 68 1
12 30 1
12 36 1
12 49 1
12 20 1
12 68 1
12 14 1
12 28 1
12 66 1
12 41 1
12 67 1
12 35 1
12 45 1
12 13 1
12 27 1
12 39 1
12 47 1
12 43 1
12 62 1
13 15 1
13 25 1
13 29 1
13 57 1
13 18 1
13 21 1
13 20 1
13 54 1
13 19 1
13 59 1
13 24 1
13 27 1
13 32 1
13 34 1
13 30 1
13 53 1
13 38 1
14 69 1
14 47 1
14 56 1
14 60 1
14 67 1
14 24 1
14 32 1
14 44 1
14 19 1
14 61 1
14 53 1
14 16 1
14 42 1
14 51 1
14 62 1
15 61 1
15 32 1
15 47 1
15 68 1
15 37 1
15 16 1
15 25 1
15 23 1
15 24 1
15 46 1
15 26 1
15 28 1
15 52 1
16 53 1
16 36 1
16 58 1
16 32 1
16 55 1
16 40 1
16 48 1
16 35 1
16 69 1
16 24 1
16 33 1
16 20 1
16 66 1
16 31 1
16 17 1
16 51 1
16 62 1
17 58 1
17 29 1
17 46 1
17 34 1
17 50 1
17 57 1
17 23 1
17 55 1
17 54 1
17 63 1
17 48 1
17 30 1
17 67 1
17 49 1
17 28 1
17 61 1
17 26 1
17 68 1
17 41 1
17 35 1
17 38 1
18 25 1
18 45 1
18 56 1
18 66 1
18 34 1
18 35 1
18 31 1
18 67 1
18 53 1
18 40 1
18 38 1
18 41 1
18 33 1
18 46 1
18 37 1
18 43 1
18 61 1
18 50 1
18 58 1
18 21 1
19 50 1
19 43 1
19 24 1
19 67 1
19 62 1
19 26 1
19 28 1
19 44 1
19 39 1
19 25 1
19 51 1
19 46 1
19 53 1
19 68 1
19 31 1
19 60 1
20 37 1
20 58 1
20 27 1
20 34 1
20 48 1
20 67 1
20 65 1
20 51 1
20 55 1
20 26 1
20 53 1
20 36 1
20 28 1
20 35 1
20 66 1
20 43 1
21 39 1
21 51 1
21 67 1
21 27 1
21 66 1
21 45 1
21 55 1
21 26 1
21 59 1
21 40 1
21 24 1
21 41 1
21 57 1
21 61 1
21 46 1
21 52 1
21 42 1
21 44 1
21 23 1
21 62 1
21 63 1
21 43 1
22 39 1
22 25 1
22 50 1
22 24 1
22 60 1
22 57 1
22 35 1
22 43 1
22 52 1
22 67 1
22 66 1
22 54 1
22 28 1
22 63 1
22 69 1
22 44 1
22 62 1
22 23 1
22 38 1
22 30 1
22 61 1
22 46 1
22 48 1
23 64 1
23 32 1
23 49 1
23 35 1
23 60 1
23 37 1
23 59 1
23 53 1
23 51 1
23 33 1
23 66 1
23 34 1
23 61 1
23 47 1
23 50 1
23 45 1
23 25 1
23 24 1
24 30 1
24 66 1
24 49 1
24 41 1
24 54 1
24 59 1
24 39 1
24 64 1
24 38 1
24 45 1
24 65 1
24 48 1
24 51 1
24 67 1
24 69 1
25 28 1
25 33 1
25 40 1
25 38 1
25 37 1
25 34 1
25 35 1
25 61 1
25 48 1
25 32 1
25 69 1
25 68 1
25 65 1
25 49 1
25 46 1
25 52 1
25 56 1
26 50 1
26 43 1
26 67 1
26 57 1
26 52 1
26 59 1
26 45 1
26 30 1
26 40 1
26 54 1
26 38 1
26 36 1
26 51 1
27 33 1
27 42 1
27 38 1
27 58 1
27 56 1
27 46 1
27 59 1
27 66 1
27 45 1
27 43 1
27 49 1
28 59 1
28 37 1
28 67 1
28 41 1
28 49 1
28 30 1
28 68 1
28 34 1
28 63 1
28 42 1
29 50 1
29 60 1
29 42 1
29 55 1
29 58 1
29 49 1
29 34 1
29 35 1
29 61 1
29 64 1
29 45 1
29 30 1
29 38 1
30 47 1
30 52 1
30 56 1
30 53 1
30 42 1
30 69 1
30 45 1
30 55 1
30 58 1
30 54 1
30 67 1
30 31 1
31 53 1
31 37 1
31 65 1
31 57 1
31 56 1
31 33 1
31 45 1
31 51 1
31 41 1
31 68 1
31 66 1
32 39 1
32 54 1
32 63 1
32 55 1
32 40 1
32 38 1
32 49 1
32 35 1
32 34 1
32 50 1
32 53 1
32 47 1
32 45 1
32 51 1
33 36 1
33 54 1
33 51 1
33 46 1
33 40 1
33 61 1
33 48 1
33 68 1
33 35 1
33 55 1
33 65 1
33 47 1
33 64 1
33 56 1
34 50 1
34 37 1
34 49 1
34 56 1
34 55 1
34 38 1
34 67 1
34 43 1
34 47 1
34 40 1
34 62 1
34 68 1
34 39 1
34 53 1
34 51 1
34 57 1
34 52 1
34 46 1
34 59 1
34 58 1
35 37 1
35 45 1
35 43 1
35 54 1
35 67 1
35 42 1
35 41 1
35 62 1
35 66 1
35 49 1
35 60 1
36 67 1
36 57 1
36 40 1
36 61 1
36 59 1
36 69 1
36 42 1
36 54 1
36 46 1
36 41 1
36 37 1
36 45 1
37 66 1
37 63 1
37 67 1
37 58 1
37 41 1
37 61 1
37 39 1
37 48 1
38 53 1
38 49 1
38 60 1
38 52 1
38 67 1
38 69 1
38 42 1
38 65 1
38 56 1
38 51 1
38 54 1
38 64 1
38 59 1
39 48 1
39 58 1
39 64 1
39 62 1
39 59 1
39 61 1
39 69 1
39 46 1
39 67 1
39 68 1
40 59 1
40 49 1
40 56 1
40 46 1
40 51 1
40 57 1
40 61 1
40 48 1
40 63 1
41 57 1
41 55 1
41 61 1
41 58 1
41 52 1
41 63 1
41 56 1
41 54 1
41 65 1
41 66 1
42 44 1
42 68 1
42 53 1
42 51 1
42 61 1
42 47 1
42 45 1
42 63 1
42 57 1
43 50 1
43 69 1
43 47 1
43 59 1
43 62 1
43 53 1
44 52 1
44 66 1
44 63 1
44 54 1
44 53 1
44 64 1
44 65 1
45 49 1
45 53 1
45 59 1
45 50 1
45 52 1
45 58 1
45 56 1
45 69 1
46 58 1
46 56 1
46 66 1
46 49 1
46 48 1
46 54 1
47 69 1
47 65 1
47 62 1
47 55 1
47 61 1
47 53 1
47 49 1
47 52 1
48 62 1
48 59 1
48 58 1
48 61 1
48 64 1
48 68 1
48 69 1
48 65 1
48 53 1
49 63 1
49 57 1
49 59 1
49 64 1
49 52 1
49 55 1
50 67 1
50 68 1
50 53 1
50 65 1
50 54 1
50 59 1
50 58 1
50 62 1
51 68 1
51 53 1
51 59 1
51 58 1
51 52 1
51 67 1
52 67 1
52 61 1
52 57 1
52 69 1
52 59 1
53 64 1
53 58 1
53 68 1
53 59 1
53 61 1
54 69 1
54 63 1
54 61 1
54 65 1
54 68 1
54 60 1
54 67 1
55 64 1
55 61 1
55 66 1
55 58 1
55 56 1
56 69 1
56 61 1
56 58 1
56 62 1
56 68 1
56 60 1
56 67 1
56 57 1
57 61 1
57 68 1
57 64 1
57 66 1
57 60 1
57 69 1
57 63 1
57 67 1
58 67 1
58 64 1
58 69 1
58 63 1
58 62 1
59 69 1
59 68 1
59 61 1
59 66 1
59 64 1
60 68 1
60 69 1
60 64 1
61 66 1
61 62 1
62 65 1
63 68 1
63 67 1
63 66 1
63 69 1
64 68 1
65 68 1
66 69 1
66 67 1
67 68 1
68 69 1
