70
0 65 1
0 4 1
0 43 1
0 50 1
0 7 1
0 31 1
0 54 1
0 40 1
0 20 1
0 35 1
0 37 1
0 25 1
0 61 1
0 15 1
0 62 1
0 48 1
0 44 1
0 14 1
0 60 1
0 2 1
0 17 1
0 10 1
0 56 1
0 67 1
0 22 1
0 30 1
1 66 1
1 25 1
1 21 1
1 3 1
1 60 1
1 6 1
1 55 1
1 13 1
1 36 1
1 67 1
1 54 1
1 14 1
1 32 1
1 61 1
1 15 1
1 11 1
1 19 1
1 51 1
1 18 1
1 17 1
1 44 1
1 53 1
1 33 1
1 43 1
1 45 1
1 2 1
1 31 1
1 59 1
1 16 1
1 56 1
2 58 1
2 3 1
2 8 1
2 21 1
2 42 1
2 16 1
2 4 1
2 53 1
2 6 1
2 22 1
2 27 1
2 13 1
2 52 1
2 44 1
2 60 1
3 41 1
3 5 1
3 34 1
3 69 1
3 32 1
3 16 1
3 55 1
3 14 1
3 6 1
3 49 1
3 46 1
3 27 1
3 8 1
3 37 1
3 11 1
3 29 1
3 57 1
3 50 1
3 59 1
3 9 1
3 54 1
3 53 1
3 67 1
3 68 1
3 38 1
3 7 1
3 28 1
3 30 1
3 45 1
4 67 1
4 8 1
4 5 1
4 48 1
4 28 1
4 56 1
4 69 1
4 46 1
4 42 1
4 15 1
4 57 1
4 24 1
4 29 1
4 21 1
4 61 1
4 23 1
4 62 1
4 43 1
4 31 1
4 58 1
4 54 1
4 11 1
4 20 1
4 53 1
5 52 1
5 50 1
5 32 1
5 54 1
5 31 1
5 66 1
5 15 1
5 10 1
5 35 1
5 21 1
5 7 1
5 11 1
5 24 1
5 30 1
5 40 1
5 26 1
5 20 1
5 17 1
5 56 1
5 16 1
5 9 1
5 33 1
5 23 1
5 44 1
5 47 1
6 56 1
6 64 1
6 26 1
6 19 1
6 44 1
6 31 1
6 33 1
6 68 1
6 65 1
6 54 1
6 28 1
6 57 1
6 69 1
6 21 1
6 49 1
6 42 1
6 9 1
6 55 1
6 38 1
6 23 1
7 28 1
7 21 1
7 58 1
7 9 1
7 17 1
7 55 1
7 41 1
7 69 1
7 45 1
7 11 1
7 29 1
7 40 1
7 56 1
7 8 1
7 33 1
7 27 1
7 48 1
7 53 1
7 10 1
7 54 1
7 26 1
7 38 1
7 65 1
7 30 1
7 43 1
7 67 1
7 22 1
8 68 1
8 56 1
8 66 1
8 14 1
8 40 1
8 29 1
8 62 1
8 15 1
8 59 1
8 58 1
8 46 1
8 19 1
8 48 1
8 42 1
8 11 1
8 16 1
8 32 1
8 53 1
8 21 1
8 49 1
8 36 1
8 67 1
8 38 1
8 30 1
8 12 1
8 64 1
9 13 1
9 32 1
9 51 1
9 69 1
9 27 1
9 38 1
9 63 1
9 14 1
9 23 1
9 25 1
9 26 1
9 65 1
9 68 1
9 64 1
9 10 1
9 39 1
9 43 1
9 36 1
10 29 1
10 63 1
10 64 1
10 48 1
10 40 1
10 65 1
10 22 1
10 37 1
10 26 1
10 41 1
10 50 1
10 54 1
10 67 1
10 55 1
10 23 1
10 15 1
10 21 1
10 36 1
10 42 1
10 12 1
10 31 1
10 49 1
10 14 1
10 24 1
10 27 1
10 16 1
11 62 1
11 19 1
11 22 1
11 15 1
11 45 1
11 50 1
11 17 1
11 21 1
11 29 1
11 51 1
11 54 1
11 39 1
11 36 1
11 28 1
11 56 1
11 42 1
11 41 1
11 23 1
11 13 1
11 59 1
12 19 1
12 21 1
12 44 1
12 67 1
12 30 1
12 41 1
12 63 1
12 22 1
12 27 1
12 32 1
12 38 1
12 20 1
12 31 1
12 26 1
12 48 1
12 35 1
12 40 1
12 54 1
12 61 1
12 29 1
13 22 1
13 55 1
13 46 1
13 32 1
13 19 1
13 35 1
13 67 1
13 48 1
13 23 1
13 33 1
13 37 1
13 29 1
13 43 1
13 14 1
13 61 1
13 30 1
13 50 1
13 41 1
13 63 1
13 64 1
13 26 1
13 25 1
13 47 1
14 18 1
14 22 1
14 19 1
14 41 1
14 16 1
14 39 1
14 15 1
14 23 1
14 68 1
14 48 1
14 28 1
14 38 1
14 44 1
14 69 1
14 21 1
14 61 1
14 57 1
14 32 1
14 24 1
15 21 1
15 16 1
15 30 1
15 65 1
15 40 1
15 43 1
15 66 1
15 62 1
15 31 1
15 68 1
15 49 1
15 54 1
15 46 1
15 57 1
15 28 1
15 41 1
15 56 1
15 53 1
16 68 1
16 64 1
16 51 1
16 28 1
16 32 1
16 18 1
16 21 1
16 42 1
16 57 1
16 31 1
16 39 1
16 60 1
16 58 1
16 26 1
16 36 1
16 63 1
16 46 1
16 67 1
17 67 1
17 43 1
17 44 1
17 57 1
17 58 1
17 62 1
17 37 1
17 65 1
17 38 1
17 33 1
17 32 1
17 27 1
17 36 1
17 39 1
17 47 1
18 67 1
18 36 1
18 64 1
18 50 1
18 32 1
18 43 1
18 25 1
18 48 1
18 57 1
18 33 1
18 62 1
18 31 1
18 19 1
18 38 1
18 55 1
18 37 1
19 67 1
19 55 1
19 38 1
19 47 1
19 28 1
19 50 1
19 39 1
19 34 1
19 27 1
19 37 1
19 56 1
19 64 1
19 45 1
19 68 1
20 46 1
20 63 1
20 65 1
20 36 1
20 28 1
20 39 1
20 51 1
20 56 1
20 66 1
20 47 1
20 33 1
20 48 1
20 38 1
20 43 1
20 49 1
20 25 1
20 21 1
20 69 1
20 53 1
20 68 1
21 49 1
21 51 1
21 23 1
21 60 1
21 26 1
21 31 1
21 43 1
21 33 1
21 59 1
21 35 1
21 66 1
21 68 1
21 41 1
21 42 1
21 55 1
21 50 1
21 57 1
21 52 1
21 54 1
21 37 1
21 38 1
22 38 1
22 63 1
22 58 1
22 44 1
22 67 1
22 42 1
22 69 1
22 32 1
22 68 1
22 60 1
22 55 1
22 36 1
22 46 1
22 30 1
22 56 1
23 26 1
23 46 1
23 63 1
23 47 1
23 40 1
23 58 1
23 49 1
23 69 1
23 53 1
23 56 1
23 48 1
23 54 1
23 42 1
23 62 1
24 46 1
24 42 1
24 40 1
24 36 1
24 69 1
24 33 1
24 32 1
24 55 1
24 66 1
24 26 1
24 47 1
24 62 1
24 41 1
24 68 1
24 60 1
25 38 1
25 54 1
25 43 1
25 30 1
25 59 1
25 35 1
25 49 1
25 41 1
25 57 1
25 52 1
25 31 1
25 45 1
25 63 1
25 33 1
26 50 1
26 61 1
26 32 1
26 62 1
26 33 1
26 51 1
26 42 1
26 36 1
26 43 1
26 30 1
26 45 1
26 54 1
27 53 1
27 63 1
27 35 1
27 32 1
27 39 1
27 28 1
27 42 1
27 50 1
27 37 1
27 43 1
27 61 1
27 40 1
28 68 1
28 54 1
28 62 1
28 63 1
28 61 1
28 59 1
28 45 1
28 38 1
28 43 1
28 35 1
28 46 1
28 40 1
28 37 1
28 69 1
29 45 1
29 31 1
29 68 1
29 34 1
29 52 1
29 56 1
29 51 1
29 41 1
29 44 1
29 32 1
29 40 1
29 63 1
29 67 1
30 58 1
30 38 1
30 57 1
30 54 1
30 33 1
30 67 1
30 61 1
30 32 1
30 49 1
30 34 1
30 52 1
30 68 1
30 37 1
31 47 1
31 40 1
31 42 1
31 46 1
31 60 1
31 38 1
31 62 1
31 64 1
31 68 1
31 37 1
31 35 1
32 37 1
32 59 1
32 40 1
32 48 1
32 42 1
32 62 1
32 61 1
32 50 1
32 34 1
32 43 1
32 58 1
33 42 1
33 36 1
33 63 1
33 50 1
33 61 1
33 64 1
33 51 1
33 35 1
33 49 1
33 48 1
33 38 1
33 39 1
33 68 1
33 34 1
33 52 1
33 43 1
34 67 1
34 44 1
34 59 1
34 51 1
34 54 1
34 65 1
34 36 1
34 49 1
34 64 1
34 40 1
34 45 1
34 39 1
34 53 1
35 39 1
35 47 1
35 45 1
35 66 1
35 48 1
35 63 1
35 42 1
35 60 1
35 51 1
35 40 1
36 43 1
36 52 1
36 56 1
36 47 1
36 61 1
36 65 1
36 68 1
36 51 1
36 55 1
37 69 1
37 60 1
37 65 1
37 55 1
37 62 1
37 40 1
37 41 1
37 51 1
37 68 1
38 59 1
38 41 1
38 45 1
38 63 1
38 52 1
38 51 1
38 61 1
38 42 1
38 40 1
38 47 1
38 64 1
38 44 1
39 50 1
39 46 1
39 61 1
39 65 1
39 47 1
39 41 1
39 43 1
39 59 1
39 45 1
39 51 1
39 67 1
40 51 1
40 50 1
40 42 1
40 62 1
40 48 1
40 47 1
40 52 1
40 69 1
40 67 1
40 66 1
40 60 1
41 56 1
41 55 1
41 64 1
41 49 1
41 51 1
41 69 1
41 59 1
41 44 1
41 48 1
41 47 1
41 53 1
41 67 1
41 42 1
42 63 1
42 57 1
42 48 1
42 69 1
42 61 1
42 59 1
42 44 1
42 56 1
42 60 1
43 67 1
43 65 1
43 50 1
43 45 1
43 47 1
43 60 1
43 44 1
44 67 1
44 66 1
44 68 1
44 55 1
44 69 1
44 61 1
44 49 1
44 53 1
44 52 1
45 65 1
45 54 1
45 59 1
45 66 1
45 46 1
46 54 1
46 66 1
46 56 1
46 51 1
46 61 1
46 67 1
47 55 1
47 62 1
47 58 1
47 66 1
47 57 1
47 64 1
47 59 1
47 65 1
48 54 1
48 64 1
48 57 1
48 62 1
48 60 1
48 61 1
48 66 1
49 67 1
49 51 1
49 50 1
49 55 1
49 64 1
49 63 1
50 61 1
50 59 1
50 54 1
50 66 1
50 60 1
50 51 1
50 64 1
50 68 1
50 56 1
51 65 1
51 67 1
51 69 1
51 64 1
51 62 1
51 52 1
51 53 1
51 56 1
51 68 1
51 58 1
51 63 1
51 55 1
51 59 1
52 56 1
52 62 1
52 67 1
52 55 1
52 66 1
53 67 1
53 55 1
53 68 1
53 57 1
54 61 1
54 59 1
54 60 1
54 67 1
54 57 1
54 64 1
55 60 1
55 63 1
55 64 1
56 64 1
56 59 1
56 60 1
56 61 1
56 68 1
56 57 1
57 62 1
57 66 1
57 65 1
57 69 1
59 68 1
59 62 1
59 63 1
59 69 1
59 64 1
59 65 1
60 68 1
60 63 1
60 62 1
61 62 1
61 63 1
61 69 1
62 65 1
63 68 1
64 68 1
64 67 1
64 65 1
65 66 1
66 68 1
68 69 1
