70
0 23 1
0 50 1
0 16 1
0 11 1
0 64 1
0 34 1
0 52 1
0 46 1
0 56 1
0 61 1
0 12 1
0 42 1
0 55 1
0 24 1
0 10 1
0 33 1
0 41 1
0 67 1
0 38 1
0 53 1
0 4 1
0 58 1
0 21 1
0 7 1
0 19 1
0 69 1
0 35 1
1 66 1
1 14 1
1 41 1
1 12 1
1 17 1
1 37 1
1 24 1
1 52 1
1 64 1
1 3 1
1 39 1
1 49 1
1 22 1
1 56 1
1 8 1
1 67 1
1 60 1
1 65 1
1 57 1
1 27 1
1 23 1
2 4 1
2 51 1
2 48 1
2 68 1
2 40 1
2 16 1
2 35 1
2 27 1
2 62 1
2 23 1
2 59 1
2 39 1
2 30 1
2 21 1
2 34 1
2 10 1
2 57 1
2 63 1
2 60 1
2 6 1
2 17 1
2 64 1
2 22 1
2 47 1
2 26 1
2 24 1
3 32 1
3 30 1
3 69 1
3 19 1
3 28 1
3 31 1
3 58 1
3 44 1
3 26 1
3 36 1
3 57 1
3 42 1
3 60 1
3 27 1
3 41 1
3 18 1
3 8 1
3 33 1
3 61 1
3 54 1
3 64 1
4 16 1
4 48 1
4 44 1
4 27 1
4 69 1
4 12 1
4 8 1
4 49 1
4 37 1
4 47 1
4 7 1
4 43 1
4 10 1
4 36 1
4 23 1
4 45 1
4 22 1
4 62 1
4 17 1
4 18 1
4 65 1
4 55 1
4 46 1
5 62 1
5 21 1
5 29 1
5 26 1
5 15 1
5 58 1
5 34 1
5 42 1
5 68 1
5 10 1
5 45 1
5 60 1
5 20 1
5 27 1
5 19 1
5 28 1
5 41 1
5 40 1
5 46 1
5 65 1
5 23 1
5 38 1
5 55 1
6 62 1
6 21 1
6 60 1
6 35 1
6 23 1
6 20 1
6 29 1
6 8 1
6 50 1
6 10 1
6 16 1
6 53 1
6 44 1
6 17 1
6 49 1
6 45 1
6 26 1
6 58 1
6 65 1
7 38 1
7 17 1
7 30 1
7 28 1
7 14 1
7 41 1
7 21 1
7 31 1
7 57 1
7 25 1
7 32 1
7 13 1
7 61 1
7 44 1
7 45 1
7 66 1
7 12 1
7 24 1
7 27 1
7 68 1
7 22 1
7 34 1
7 52 1
7 47 1
7 54 1
8 32 1
8 48 1
8 17 1
8 10 1
8 24 1
8 21 1
8 54 1
8 62 1
8 29 1
8 56 1
8 20 1
8 11 1
8 40 1
8 33 1
8 57 1
8 39 1
8 30 1
8 25 1
8 16 1
8 36 1
8 31 1
9 32 1
9 25 1
9 57 1
9 50 1
9 55 1
9 46 1
9 44 1
9 23 1
9 28 1
9 17 1
9 35 1
9 11 1
9 58 1
9 18 1
9 24 1
9 64 1
9 61 1
9 45 1
9 33 1
9 47 1
10 23 1
10 12 1
10 20 1
10 49 1
10 15 1
10 48 1
10 59 1
10 21 1
10 13 1
10 34 1
10 31 1
10 61 1
10 64 1
10 39 1
10 66 1
10 18 1
10 27 1
10 35 1
10 56 1
11 63 1
11 67 1
11 14 1
11 61 1
11 40 1
11 57 1
11 69 1
11 33 1
11 54 1
11 65 1
11 64 1
11 43 1
11 13 1
11 41 1
12 33 1
12 49 1
12 47 1
12 65 1
12 52 1
12 23 1
12 53 1
12 38 1
12 44 1
12 31 1
12 69 1
12 30 1
12 54 1
12 51 1
12 63 1
12 45 1
12 26 1
12 17 1
12 64 1
12 48 1
13 45 1
13 66 1
13 63 1
13 65 1
13 47 1
13 60 1
13 28 1
13 15 1
13 48 1
13 53 1
13 50 1
13 25 1
13 55 1
13 34 1
13 26 1
13 41 1
13 68 1
13 49 1
13 40 1
13 39 1
13 42 1
14 65 1
14 22 1
14 61 1
14 55 1
14 41 1
14 23 1
14 45 1
14 39 1
14 40 1
14 19 1
14 69 1
14 33 1
14 21 1
14 49 1
14 58 1
14 63 1
14 42 1
14 37 1
14 51 1
14 66 1
15 26 1
15 42 1
15 20 1
15 61 1
15 59 1
15 28 1
15 44 1
15 39 1
15 49 1
15 66 1
15 62 1
15 19 1
15 57 1
15 29 1
15 33 1
15 22 1
15 36 1
15 68 1
16 26 1
16 48 1
16 33 1
16 51 1
16 38 1
16 52 1
16 39 1
16 65 1
16 25 1
16 42 1
16 54 1
16 24 1
16 31 1
16 32 1
16 49 1
16 61 1
16 55 1
16 29 1
17 63 1
17 21 1
17 54 1
17 44 1
17 60 1
17 31 1
17 46 1
17 27 1
17 64 1
17 58 1
17 43 1
17 35 1
17 52 1
17 68 1
17 23 1
17 34 1
17 45 1
18 53 1
18 24 1
18 43 1
18 68 1
18 36 1
18 46 1
18 48 1
18 62 1
18 65 1
18 21 1
18 42 1
18 61 1
18 50 1
18 64 1
18 51 1
18 34 1
18 39 1
18 63 1
18 30 1
18 56 1
18 23 1
18 28 1
18 32 1
18 31 1
18 27 1
19 55 1
19 20 1
19 29 1
19 48 1
19 52 1
19 40 1
19 68 1
19 60 1
19 57 1
19 30 1
19 32 1
19 21 1
19 62 1
19 53 1
20 23 1
20 27 1
20 54 1
20 58 1
20 63 1
20 26 1
20 55 1
20 21 1
20 45 1
20 68 1
20 49 1
20 66 1
20 67 1
20 25 1
20 48 1
20 33 1
20 51 1
20 64 1
20 29 1
20 43 1
20 65 1
20 28 1
20 31 1
20 42 1
20 24 1
21 65 1
21 27 1
21 56 1
21 62 1
21 40 1
21 58 1
21 36 1
21 57 1
21 23 1
21 25 1
21 35 1
22 53 1
22 27 1
22 49 1
22 39 1
22 65 1
22 48 1
22 66 1
22 30 1
22 67 1
22 51 1
22 35 1
22 24 1
22 25 1
22 43 1
22 31 1
22 33 1
22 26 1
22 54 1
23 53 1
23 64 1
23 51 1
23 68 1
23 28 1
23 29 1
23 41 1
23 42 1
23 63 1
23 30 1
23 47 1
23 37 1
23 59 1
23 24 1
23 57 1
23 54 1
23 25 1
23 65 1
23 34 1
24 64 1
24 39 1
24 28 1
24 63 1
24 53 1
24 54 1
24 41 1
24 38 1
24 67 1
24 61 1
24 27 1
24 30 1
24 55 1
24 34 1
24 57 1
24 45 1
24 56 1
25 30 1
25 31 1
25 53 1
25 64 1
25 26 1
25 58 1
25 32 1
25 44 1
25 62 1
25 43 1
25 29 1
25 61 1
25 54 1
25 51 1
25 45 1
25 55 1
25 67 1
26 51 1
26 30 1
26 53 1
26 63 1
26 37 1
26 36 1
26 61 1
26 32 1
26 35 1
26 47 1
26 59 1
27 69 1
27 36 1
27 57 1
27 42 1
27 50 1
27 48 1
27 47 1
27 67 1
27 52 1
27 53 1
27 28 1
27 43 1
27 63 1
27 35 1
27 40 1
27 49 1
28 54 1
28 48 1
28 42 1
28 45 1
28 37 1
28 32 1
28 38 1
28 66 1
28 63 1
28 41 1
28 39 1
29 50 1
29 59 1
29 48 1
29 49 1
29 55 1
29 57 1
29 42 1
29 56 1
29 33 1
29 66 1
29 30 1
29 46 1
29 35 1
29 67 1
29 53 1
29 36 1
29 45 1
30 47 1
30 33 1
30 50 1
30 59 1
30 52 1
30 43 1
30 36 1
30 38 1
30 44 1
30 49 1
31 63 1
31 42 1
31 36 1
31 56 1
31 65 1
31 33 1
31 57 1
31 37 1
31 69 1
31 68 1
31 64 1
31 39 1
31 43 1
32 64 1
32 63 1
32 44 1
32 66 1
32 54 1
32 69 1
32 61 1
32 53 1
32 55 1
32 40 1
32 48 1
32 36 1
32 46 1
32 60 1
32 56 1
32 65 1
33 62 1
33 48 1
33 52 1
33 54 1
33 69 1
33 67 1
33 43 1
33 55 1
33 41 1
33 38 1
33 65 1
33 50 1
33 34 1
34 61 1
34 57 1
34 53 1
34 44 1
34 37 1
34 49 1
34 60 1
34 68 1
34 45 1
35 66 1
35 59 1
35 37 1
35 43 1
35 68 1
35 64 1
35 49 1
35 44 1
35 56 1
35 69 1
35 41 1
35 62 1
35 65 1
35 40 1
36 43 1
36 47 1
36 51 1
36 50 1
36 63 1
36 46 1
36 41 1
36 57 1
36 56 1
36 49 1
37 38 1
37 69 1
37 66 1
37 55 1
37 46 1
37 62 1
37 48 1
37 65 1
37 53 1
37 40 1
38 43 1
38 62 1
38 46 1
38 59 1
38 63 1
38 60 1
38 69 1
38 48 1
38 61 1
39 64 1
39 43 1
39 54 1
39 53 1
39 45 1
39 69 1
39 58 1
39 50 1
40 47 1
40 60 1
40 69 1
40 51 1
40 41 1
40 59 1
40 62 1
40 55 1
40 67 1
40 52 1
40 56 1
41 65 1
41 52 1
41 68 1
41 61 1
41 60 1
41 55 1
41 46 1
41 64 1
42 69 1
42 43 1
42 67 1
42 56 1
42 64 1
42 62 1
43 44 1
43 65 1
43 62 1
43 53 1
43 67 1
43 60 1
43 69 1
43 47 1
43 49 1
43 57 1
43 56 1
43 50 1
43 45 1
44 45 1
44 52 1
44 51 1
44 55 1
44 58 1
44 49 1
44 63 1
44 46 1
44 68 1
44 57 1
45 56 1
45 59 1
45 54 1
45 52 1
45 64 1
45 60 1
45 69 1
45 68 1
45 51 1
45 57 1
46 61 1
46 51 1
46 49 1
46 69 1
46 63 1
46 55 1
46 60 1
46 67 1
46 56 1
46 52 1
47 68 1
47 66 1
47 50 1
47 57 1
47 61 1
48 54 1
48 64 1
48 68 1
48 67 1
48 59 1
48 63 1
49 51 1
49 67 1
49 60 1
49 55 1
49 64 1
49 61 1
49 62 1
49 69 1
50 60 1
50 69 1
50 68 1
50 64 1
50 52 1
50 63 1
50 56 1
50 65 1
51 66 1
51 59 1
51 63 1
51 57 1
51 56 1
51 55 1
51 52 1
52 54 1
52 56 1
52 67 1
52 59 1
52 53 1
52 61 1
53 54 1
53 57 1
53 64 1
53 63 1
53 67 1
54 62 1
54 69 1
54 59 1
54 68 1
55 68 1
55 63 1
55 65 1
55 62 1
56 59 1
56 65 1
56 58 1
56 67 1
57 69 1
57 62 1
57 63 1
57 68 1
57 60 1
57 64 1
58 68 1
58 63 1
59 61 1
59 66 1
59 69 1
59 65 1
60 61 1
60 64 1
60 65 1
60 67 1
60 62 1
61 65 1
62 69 1
62 68 1
62 64 1
62 63 1
63 69 1
63 65 1
63 64 1
63 67 1
63 68 1
64 66 1
64 67 1
65 69 1
66 69 1
66 67 1
67 69 1
67 68 1
