70
0 38 1
0 43 1
0 9 1
0 32 1
0 31 1
0 46 1
0 50 1
0 63 1
0 49 1
0 44 1
0 7 1
0 27 1
0 17 1
0 42 1
0 36 1
0 60 1
0 33 1
0 18 1
0 8 1
0 13 1
0 39 1
0 55 1
0 41 1
0 3 1
1 9 1
1 28 1
1 47 1
1 26 1
1 45 1
1 65 1
1 6 1
1 33 1
1 24 1
1 53 1
1 30 1
1 19 1
1 51 1
1 4 1
1 64 1
1 25 1
1 35 1
1 34 1
1 43 1
1 14 1
1 36 1
1 50 1
2 6 1
2 17 1
2 34 1
2 53 1
2 68 1
2 7 1
2 12 1
2 26 1
2 62 1
2 11 1
2 37 1
2 22 1
2 54 1
2 48 1
2 35 1
2 67 1
2 10 1
2 64 1
2 63 1
3 39 1
3 50 1
3 49 1
3 6 1
3 65 1
3 10 1
3 57 1
3 40 1
3 58 1
3 59 1
3 61 1
3 51 1
3 52 1
3 63 1
3 56 1
3 33 1
3 30 1
3 4 1
3 41 1
3 22 1
3 43 1
3 64 1
4 23 1
4 8 1
4 49 1
4 17 1
4 34 1
4 7 1
4 56 1
4 5 1
4 6 1
4 32 1
4 60 1
4 51 1
4 29 1
4 21 1
4 44 1
4 16 1
4 62 1
4 20 1
5 28 1
5 31 1
5 18 1
5 17 1
5 59 1
5 50 1
5 22 1
5 12 1
5 9 1
5 36 1
5 69 1
5 54 1
5 44 1
5 45 1
5 57 1
5 68 1
5 63 1
5 11 1
5 39 1
5 35 1
5 56 1
5 40 1
5 43 1
5 65 1
5 58 1
5 52 1
6 59 1
6 24 1
6 9 1
6 52 1
6 26 1
6 39 1
6 53 1
6 43 1
6 14 1
6 34 1
6 30 1
6 54 1
6 21 1
6 20 1
6 31 1
6 35 1
6 58 1
6 69 1
6 19 1
6 23 1
7 26 1
7 57 1
7 56 1
7 51 1
7 27 1
7 8 1
7 54 1
7 62 1
7 30 1
7 46 1
7 17 1
7 50 1
7 14 1
7 66 1
7 9 1
7 65 1
7 45 1
7 49 1
8 53 1
8 67 1
8 48 1
8 68 1
8 50 1
8 32 1
8 56 1
8 14 1
8 13 1
8 43 1
8 55 1
8 39 1
8 40 1
8 34 1
8 51 1
8 16 1
8 66 1
8 69 1
8 21 1
8 20 1
8 37 1
8 54 1
8 30 1
8 41 1
8 63 1
8 65 1
8 18 1
8 45 1
9 66 1
9 10 1
9 25 1
9 48 1
9 51 1
9 35 1
9 45 1
9 11 1
9 58 1
9 61 1
9 34 1
9 33 1
9 14 1
9 26 1
9 21 1
9 17 1
9 15 1
9 40 1
9 39 1
9 46 1
9 32 1
9 18 1
9 36 1
9 20 1
10 66 1
10 17 1
10 28 1
10 34 1
10 61 1
10 32 1
10 31 1
10 12 1
10 44 1
10 64 1
10 13 1
10 40 1
10 41 1
10 57 1
10 47 1
10 19 1
10 20 1
10 39 1
10 68 1
10 45 1
10 38 1
10 52 1
10 36 1
10 48 1
10 69 1
10 15 1
10 25 1
11 59 1
11 35 1
11 21 1
11 41 1
11 13 1
11 30 1
11 38 1
11 33 1
11 29 1
11 64 1
11 45 1
11 42 1
11 58 1
11 12 1
11 43 1
11 17 1
11 54 1
12 16 1
12 52 1
12 14 1
12 22 1
12 30 1
12 45 1
12 24 1
12 25 1
12 37 1
12 38 1
12 59 1
12 67 1
12 39 1
12 32 1
12 36 1
12 21 1
12 50 1
12 61 1
12 34 1
12 43 1
12 19 1
13 24 1
13 53 1
13 41 1
13 52 1
13 15 1
13 66 1
13 48 1
13 36 1
13 55 1
13 46 1
13 61 1
13 54 1
13 64 1
13 58 1
13 38 1
13 49 1
13 39 1
13 28 1
13 25 1
13 26 1
13 56 1
14 50 1
14 63 1
14 31 1
14 67 1
14 53 1
14 41 1
14 56 1
14 20 1
14 51 1
14 33 1
14 26 1
14 15 1
14 60 1
14 54 1
14 49 1
14 43 1
14 30 1
14 42 1
14 68 1
15 57 1
15 52 1
15 50 1
15 69 1
15 44 1
15 32 1
15 47 1
15 19 1
15 48 1
15 49 1
15 22 1
15 60 1
15 59 1
15 20 1
15 40 1
15 23 1
15 34 1
15 45 1
15 18 1
15 58 1
16 37 1
16 42 1
16 68 1
16 27 1
16 19 1
16 52 1
16 51 1
16 32 1
16 48 1
16 44 1
16 39 1
16 34 1
16 18 1
16 24 1
16 30 1
16 66 1
16 65 1
17 69 1
17 49 1
17 27 1
17 35 1
17 62 1
17 41 1
17 24 1
17 38 1
17 40 1
17 56 1
17 67 1
17 52 1
17 30 1
17 47 1
17 19 1
17 28 1
17 39 1
17 57 1
17 18 1
18 45 1
18 52 1
18 21 1
18 27 1
18 54 1
18 35 1
18 48 1
18 37 1
18 66 1
18 58 1
18 46 1
18 20 1
18 49 1
18 36 1
18 62 1
19 31 1
19 65 1
19 34 1
19 48 1
19 46 1
19 63 1
19 59 1
19 24 1
19 67 1
19 50 1
19 42 1
19 56 1
19 22 1
19 45 1
19 66 1
19 35 1
19 68 1
19 55 1
19 40 1
19 60 1
19 61 1
19 39 1
19 41 1
20 54 1
20 53 1
20 65 1
20 49 1
20 35 1
20 48 1
20 60 1
20 30 1
20 62 1
20 28 1
20 21 1
20 51 1
20 56 1
21 44 1
21 57 1
21 52 1
21 55 1
21 32 1
21 58 1
21 59 1
21 25 1
21 36 1
21 60 1
21 41 1
21 26 1
21 64 1
21 40 1
21 69 1
21 66 1
21 27 1
21 30 1
21 68 1
21 31 1
22 67 1
22 69 1
22 68 1
22 51 1
22 54 1
22 56 1
22 50 1
22 38 1
22 53 1
22 64 1
22 28 1
22 63 1
22 61 1
22 25 1
23 40 1
23 38 1
23 52 1
23 34 1
23 59 1
23 39 1
23 29 1
23 26 1
23 63 1
23 42 1
23 33 1
24 61 1
24 58 1
24 45 1
24 59 1
24 49 1
24 41 1
24 30 1
24 53 1
24 64 1
24 35 1
24 37 1
24 43 1
24 47 1
24 60 1
24 46 1
24 42 1
24 36 1
24 39 1
24 38 1
24 25 1
24 52 1
24 32 1
25 27 1
25 49 1
25 35 1
25 67 1
25 26 1
25 38 1
25 41 1
25 46 1
25 58 1
25 56 1
25 54 1
25 44 1
25 43 1
25 30 1
25 40 1
25 31 1
26 44 1
26 59 1
26 41 1
26 27 1
26 63 1
26 50 1
26 48 1
26 46 1
26 65 1
26 47 1
26 29 1
27 64 1
27 68 1
27 69 1
27 67 1
27 40 1
27 57 1
27 41 1
27 62 1
27 37 1
27 65 1
27 53 1
27 42 1
27 63 1
27 38 1
27 28 1
27 45 1
27 61 1
27 59 1
27 29 1
27 47 1
28 44 1
28 55 1
28 41 1
28 57 1
28 46 1
28 60 1
28 40 1
28 31 1
28 51 1
28 42 1
28 37 1
28 58 1
28 43 1
28 54 1
28 63 1
28 32 1
28 52 1
28 66 1
29 44 1
29 34 1
29 43 1
29 35 1
29 41 1
29 37 1
29 59 1
29 48 1
29 68 1
29 66 1
29 65 1
29 56 1
29 33 1
29 63 1
29 38 1
29 47 1
29 39 1
30 52 1
30 38 1
30 56 1
30 65 1
30 51 1
30 40 1
30 50 1
30 68 1
30 41 1
30 32 1
30 58 1
30 57 1
30 61 1
30 64 1
31 54 1
31 53 1
31 63 1
31 36 1
31 45 1
31 34 1
31 66 1
31 37 1
31 52 1
31 33 1
31 46 1
31 65 1
31 57 1
32 58 1
32 43 1
32 41 1
32 36 1
32 45 1
32 54 1
33 46 1
33 68 1
33 56 1
33 54 1
33 34 1
33 53 1
33 49 1
33 43 1
33 47 1
33 48 1
33 52 1
33 41 1
33 38 1
33 50 1
33 51 1
34 64 1
34 66 1
34 56 1
34 36 1
34 51 1
34 59 1
34 50 1
34 53 1
34 68 1
34 61 1
34 47 1
35 67 1
35 51 1
35 60 1
35 37 1
35 38 1
35 43 1
35 41 1
35 42 1
35 52 1
35 53 1
35 69 1
35 40 1
35 50 1
35 62 1
35 54 1
36 69 1
36 60 1
36 62 1
36 44 1
36 58 1
36 50 1
36 49 1
36 66 1
37 65 1
37 61 1
37 50 1
37 69 1
37 44 1
37 52 1
37 62 1
37 53 1
37 68 1
37 39 1
37 57 1
38 55 1
38 45 1
38 51 1
38 56 1
38 44 1
38 59 1
38 63 1
38 42 1
38 49 1
39 50 1
39 41 1
39 42 1
39 58 1
39 63 1
39 55 1
39 45 1
39 40 1
39 60 1
39 57 1
40 64 1
40 44 1
40 41 1
40 46 1
40 62 1
40 42 1
40 50 1
40 52 1
40 45 1
40 61 1
41 53 1
41 68 1
41 62 1
41 51 1
41 63 1
41 49 1
41 67 1
41 59 1
41 66 1
41 48 1
41 45 1
42 58 1
42 46 1
42 61 1
42 66 1
42 63 1
42 51 1
42 47 1
42 67 1
42 64 1
42 59 1
43 60 1
43 49 1
43 69 1
43 57 1
43 68 1
43 66 1
43 59 1
43 67 1
44 52 1
44 51 1
44 62 1
44 53 1
44 56 1
44 49 1
44 67 1
44 59 1
44 68 1
44 55 1
45 51 1
45 53 1
45 52 1
45 63 1
45 69 1
45 54 1
45 62 1
46 64 1
46 69 1
46 63 1
46 51 1
46 48 1
46 53 1
46 49 1
46 58 1
46 61 1
46 68 1
47 48 1
47 68 1
47 59 1
47 64 1
47 66 1
47 57 1
48 51 1
48 65 1
48 59 1
48 66 1
48 60 1
49 63 1
49 58 1
49 52 1
49 68 1
50 53 1
50 55 1
50 67 1
50 64 1
50 66 1
50 59 1
50 62 1
50 54 1
51 52 1
51 53 1
51 61 1
51 65 1
51 68 1
51 64 1
51 59 1
51 56 1
52 54 1
52 53 1
52 65 1
52 63 1
53 59 1
53 64 1
53 60 1
53 69 1
53 62 1
53 66 1
54 58 1
54 68 1
54 56 1
54 59 1
54 66 1
54 63 1
55 61 1
56 67 1
56 69 1
56 68 1
56 64 1
56 63 1
57 65 1
57 60 1
57 69 1
57 67 1
57 61 1
57 68 1
58 65 1
58 61 1
58 69 1
58 67 1
59 64 1
59 65 1
60 68 1
60 66 1
60 63 1
60 67 1
61 64 1
61 68 1
61 69 1
61 66 1
62 68 1
62 64 1
62 65 1
63 69 1
63 65 1
63 64 1
64 67 1
64 69 1
65 68 1
65 69 1
67 69 1
68 69 1
